c Maximal rule for r=a:bc; ar,br,c,dr; ar,br,cr,d
C name=rule5.vlp, rows=22, cols=99, objs=33
C vertices=38, facets=1392698
[0,0,0,0,0,0,0,0,0,0,0] + [0,0,0,0,0,0,0,0,0,0,1] <= [0,0,0,0,0,0,0,0,0,0,1]
[0,0,0,0,0,0,0,0,0,0,0] + [0,0,0,0,0,0,0,0,0,1,0] <= [0,1,0,0,0,0,0,0,0,1,0]
[0,0,0,0,0,0,0,0,0,0,0] + [0,0,0,0,0,0,0,0,1,0,0] <= [0,0,0,0,0,0,0,0,1,0,0]
[0,0,0,0,0,0,0,0,0,0,0] + [0,0,0,0,0,0,0,1,0,0,0] <= [0,1,0,0,0,0,0,1,0,0,0]
[0,0,0,0,0,0,0,0,0,0,0] + [0,0,0,0,0,0,1,0,0,0,0] <= [0,0,1,0,0,0,1,0,0,0,0]
[0,0,0,0,0,0,0,0,0,0,0] + [0,0,0,0,0,1,0,0,0,0,0] <= [0,0,1,0,0,1,0,0,0,0,0]
[0,0,0,0,0,0,0,0,0,0,0] + [0,0,0,1,0,0,0,0,0,0,0] <= [0,0,1,1,0,0,0,0,0,0,0]
[0,0,0,0,0,0,0,0,0,0,0] + [0,0,0,1,0,0,0,0,0,0,0] <= [0,1,0,1,0,0,0,0,0,0,0]
[0,0,0,0,0,0,0,0,0,0,0] + [0,0,1,0,0,0,0,0,0,0,0] <= [0,0,1,0,0,0,0,0,0,0,0]
[0,0,0,0,0,0,0,0,0,0,0] + [0,1,0,0,0,0,0,0,0,0,0] <= [0,1,0,0,0,0,0,0,0,0,0]
[0,0,0,0,0,0,0,0,0,0,0] + [1,0,0,0,0,0,0,0,0,0,0] <= [1,1,1,0,0,0,0,0,0,0,0]
[0,0,0,0,0,0,0,0,0,0,1] + [0,0,0,0,0,0,0,0,0,0,0] <= [0,0,0,0,0,0,0,0,0,0,1]
[0,0,0,0,0,0,0,0,0,1,0] + [1,0,0,0,0,0,0,0,0,0,0] <= [0,2,2,0,1,0,0,0,0,2,0]
[0,0,0,0,0,0,0,0,1,0,0] + [0,0,0,0,0,0,0,0,0,0,0] <= [0,0,0,0,0,0,0,0,1,0,0]
[0,0,0,0,0,0,0,1,0,0,0] + [0,0,0,0,0,0,0,0,0,0,0] <= [0,1,0,0,0,0,0,1,0,0,0]
[0,0,0,0,0,0,1,0,0,0,0] + [0,0,0,0,0,0,0,0,0,0,0] <= [0,0,1,0,0,0,1,0,0,0,0]
[0,0,0,0,0,1,0,0,0,0,0] + [0,0,0,0,0,0,0,0,0,0,0] <= [0,0,1,0,0,1,0,0,0,0,0]
[0,0,0,0,1,0,0,0,0,0,0] + [0,0,0,0,0,0,0,0,0,0,0] <= [0,0,0,1,0,0,0,0,1,0,1]
[0,0,0,0,1,0,0,0,0,0,0] + [0,0,0,0,0,0,0,0,0,0,0] <= [0,0,1,0,1,0,0,0,0,0,0]
[0,0,0,0,1,0,0,0,0,0,0] + [0,0,0,1,0,0,0,0,0,0,0] <= [0,0,1,1,0,0,1,0,1,0,1]
[0,0,0,0,1,0,0,0,0,0,0] + [0,0,0,1,0,0,0,0,0,0,0] <= [0,1,0,1,0,0,0,1,1,0,1]
[0,0,0,0,1,0,0,0,0,0,0] + [0,0,0,1,0,0,0,0,0,0,0] <= [1,1,1,1,0,0,0,0,0,0,0]
[0,0,0,0,1,0,0,0,0,1,0] + [0,0,0,1,0,0,0,0,0,0,0] <= [0,1,2,1,1,0,0,0,0,1,0]
[0,0,0,1,0,0,0,0,0,0,0] + [0,0,0,0,0,0,0,0,0,0,0] <= [0,0,1,1,0,0,0,0,0,0,0]
[0,0,0,1,0,0,0,0,0,0,0] + [0,0,0,0,0,0,0,0,0,0,0] <= [0,1,0,1,0,0,0,0,0,0,0]
[0,0,0,1,1,0,0,0,0,0,0] + [0,0,0,0,0,0,0,0,0,0,0] <= [0,0,1,1,0,0,1,0,1,0,1]
[0,0,0,1,1,0,0,0,0,0,0] + [0,0,0,0,0,0,0,0,0,0,0] <= [0,1,0,1,0,0,0,1,1,0,1]
[0,0,0,1,1,0,0,0,0,0,0] + [0,0,0,0,0,0,0,0,0,0,0] <= [1,1,1,1,0,0,0,0,0,0,0]
[0,0,0,1,1,0,0,0,0,1,0] + [0,0,0,0,0,0,0,0,0,0,0] <= [0,1,2,1,1,0,0,0,0,1,0]
[0,0,1,0,0,0,0,0,0,0,0] + [0,0,0,0,0,0,0,0,0,0,0] <= [0,0,1,0,0,0,0,0,0,0,0]
[1,0,0,0,0,0,0,0,0,0,0] + [0,0,0,0,0,0,0,0,0,0,0] <= [1,1,1,0,0,0,0,0,0,0,0]
[1,0,0,0,0,0,0,0,0,1,0] + [0,0,0,0,0,0,0,0,0,0,0] <= [0,2,2,0,1,0,0,0,0,2,0]
