c Maximal rule for r=c:ab; ar,br,c,dr; ar,br,cr,d
C name=rule6.vlp, rows=22, cols=99, objs=33
C vertices=59, facets=2326186
[0,0,0,0,0,0,0,0,0,0,0] + [0,0,0,0,0,0,0,0,0,0,1] <= [0,0,0,1,0,0,0,0,0,0,1]
[0,0,0,0,0,0,0,0,0,0,0] + [0,0,0,0,0,0,0,0,0,0,1] <= [0,0,1,0,0,0,0,0,0,0,1]
[0,0,0,0,0,0,0,0,0,0,0] + [0,0,0,0,0,0,0,0,1,0,0] <= [0,0,1,0,0,0,0,0,1,0,0]
[0,0,0,0,0,0,0,0,0,0,0] + [0,0,0,0,0,0,0,0,1,0,1] <= [0,0,1,0,0,0,0,0,1,0,1]
[0,0,0,0,0,0,0,0,0,0,0] + [0,0,0,0,0,0,0,1,0,0,0] <= [0,0,0,1,0,0,0,1,0,0,0]
[0,0,0,0,0,0,0,0,0,0,0] + [0,0,0,0,0,0,0,1,0,0,1] <= [0,0,0,1,0,0,0,1,0,0,1]
[0,0,0,0,0,0,0,0,0,0,0] + [0,0,0,0,0,0,1,0,0,0,0] <= [0,0,0,0,0,0,1,0,0,0,0]
[0,0,0,0,0,0,0,0,0,0,0] + [0,0,0,0,0,1,0,0,0,0,0] <= [0,0,0,0,0,1,0,0,0,0,0]
[0,0,0,0,0,0,0,0,0,0,0] + [0,0,0,1,0,0,0,0,0,0,0] <= [0,0,0,1,0,0,0,0,0,0,0]
[0,0,0,0,0,0,0,0,0,0,0] + [0,0,1,0,0,0,0,0,0,0,0] <= [0,0,1,0,0,0,0,0,0,0,0]
[0,0,0,0,0,0,0,0,0,0,0] + [0,1,0,0,0,0,0,0,0,0,0] <= [0,1,0,1,0,0,0,0,0,0,0]
[0,0,0,0,0,0,0,0,0,0,0] + [0,1,0,0,0,0,0,0,0,0,0] <= [0,1,1,0,0,0,0,0,0,0,0]
[0,0,0,0,0,0,0,0,0,0,0] + [0,1,0,0,0,0,0,0,0,1,0] <= [0,1,1,1,0,0,0,0,0,1,0]
[0,0,0,0,0,0,0,0,0,0,0] + [0,1,0,0,0,0,0,0,0,1,1] <= [0,1,1,1,0,0,0,0,0,1,1]
[0,0,0,0,0,0,0,0,0,0,0] + [1,0,0,0,0,0,0,0,0,0,0] <= [1,0,1,1,0,0,0,0,0,0,0]
[0,0,0,0,0,0,0,0,0,0,0] + [1,0,0,0,0,0,0,0,0,0,1] <= [1,0,1,1,0,0,0,0,0,0,1]
[0,0,0,0,0,0,0,0,0,0,0] + [1,0,0,0,0,0,0,0,0,1,0] <= [0,0,2,2,1,0,0,0,0,2,0]
[0,0,0,0,0,0,0,0,0,0,0] + [1,0,0,0,0,0,0,0,0,1,2] <= [0,0,2,2,1,0,0,0,0,2,2]
[0,0,0,0,0,0,0,0,0,0,1] + [0,0,0,0,0,0,0,0,0,0,0] <= [0,0,0,1,0,0,0,0,0,0,1]
[0,0,0,0,0,0,0,0,0,0,1] + [0,0,0,0,0,0,0,0,0,0,0] <= [0,0,1,0,0,0,0,0,0,0,1]
[0,0,0,0,0,0,0,0,0,0,1] + [0,0,0,0,0,0,0,0,1,0,0] <= [0,0,1,0,0,0,0,0,1,0,1]
[0,0,0,0,0,0,0,0,0,0,1] + [0,0,0,0,0,0,0,1,0,0,0] <= [0,0,0,1,0,0,0,1,0,0,1]
[0,0,0,0,0,0,0,0,0,0,1] + [0,1,0,0,0,0,0,0,0,1,0] <= [0,1,1,1,0,0,0,0,0,1,1]
[0,0,0,0,0,0,0,0,0,0,1] + [1,0,0,0,0,0,0,0,0,0,0] <= [1,0,1,1,0,0,0,0,0,0,1]
[0,0,0,0,0,0,0,0,0,0,2] + [1,0,0,0,0,0,0,0,0,1,0] <= [0,0,2,2,1,0,0,0,0,2,2]
[0,0,0,0,0,0,0,0,1,0,0] + [0,0,0,0,0,0,0,0,0,0,0] <= [0,0,1,0,0,0,0,0,1,0,0]
[0,0,0,0,0,0,0,0,1,0,0] + [0,0,0,0,0,0,0,0,0,0,1] <= [0,0,1,0,0,0,0,0,1,0,1]
[0,0,0,0,0,0,0,0,1,0,1] + [0,0,0,0,0,0,0,0,0,0,0] <= [0,0,1,0,0,0,0,0,1,0,1]
[0,0,0,0,0,0,0,1,0,0,0] + [0,0,0,0,0,0,0,0,0,0,0] <= [0,0,0,1,0,0,0,1,0,0,0]
[0,0,0,0,0,0,0,1,0,0,0] + [0,0,0,0,0,0,0,0,0,0,1] <= [0,0,0,1,0,0,0,1,0,0,1]
[0,0,0,0,0,0,0,1,0,0,1] + [0,0,0,0,0,0,0,0,0,0,0] <= [0,0,0,1,0,0,0,1,0,0,1]
[0,0,0,0,0,0,1,0,0,0,0] + [0,0,0,0,0,0,0,0,0,0,0] <= [0,0,0,0,0,0,1,0,0,0,0]
[0,0,0,0,0,1,0,0,0,0,0] + [0,0,0,0,0,0,0,0,0,0,0] <= [0,0,0,0,0,1,0,0,0,0,0]
[0,0,0,0,1,0,0,0,0,0,0] + [0,0,0,0,0,0,0,0,0,0,0] <= [0,0,0,1,1,0,0,0,0,0,0]
[0,0,0,0,1,0,0,0,0,0,0] + [0,0,0,0,0,0,0,0,0,0,0] <= [0,0,1,0,1,0,0,0,0,0,0]
[0,0,0,0,1,0,0,0,0,0,0] + [0,0,0,0,0,0,0,0,0,0,0] <= [0,1,0,0,0,0,1,0,0,0,0]
[0,0,0,0,1,0,0,0,0,0,0] + [0,0,0,0,0,0,0,0,0,0,0] <= [0,1,0,0,0,1,0,0,0,0,0]
[0,0,0,0,1,0,0,0,0,0,0] + [0,1,0,0,0,0,0,0,0,0,0] <= [0,1,0,1,0,1,0,1,0,0,1]
[0,0,0,0,1,0,0,0,0,0,0] + [0,1,0,0,0,0,0,0,0,0,0] <= [0,1,1,0,0,0,1,0,1,0,1]
[0,0,0,0,1,0,0,0,0,0,0] + [0,1,0,0,0,0,0,0,0,0,0] <= [1,1,1,1,0,0,0,0,0,0,0]
[0,0,0,0,1,0,0,0,0,0,0] + [0,1,0,0,0,0,0,0,0,0,1] <= [1,1,1,1,0,0,0,0,0,0,1]
[0,0,0,0,1,0,0,0,0,0,1] + [0,1,0,0,0,0,0,0,0,0,0] <= [1,1,1,1,0,0,0,0,0,0,1]
[0,0,0,0,1,0,0,0,0,1,0] + [0,0,0,0,0,0,0,0,0,0,0] <= [0,0,1,1,1,0,0,0,0,1,0]
[0,0,0,0,1,0,0,0,0,1,0] + [0,0,0,0,0,0,0,0,0,0,1] <= [0,0,1,1,1,0,0,0,0,1,1]
[0,0,0,0,1,0,0,0,0,1,1] + [0,0,0,0,0,0,0,0,0,0,0] <= [0,0,1,1,1,0,0,0,0,1,1]
[0,0,0,1,0,0,0,0,0,0,0] + [0,0,0,0,0,0,0,0,0,0,0] <= [0,0,0,1,0,0,0,0,0,0,0]
[0,0,1,0,0,0,0,0,0,0,0] + [0,0,0,0,0,0,0,0,0,0,0] <= [0,0,1,0,0,0,0,0,0,0,0]
[1,0,0,0,0,0,0,0,0,0,0] + [0,0,0,0,0,0,0,0,0,0,0] <= [1,0,1,1,0,0,0,0,0,0,0]
[1,0,0,0,0,0,0,0,0,0,0] + [0,0,0,0,0,0,0,0,0,0,1] <= [1,0,1,1,0,0,0,0,0,0,1]
[1,0,0,0,0,0,0,0,0,0,0] + [0,0,0,0,0,0,0,0,0,1,0] <= [0,0,2,2,1,0,0,0,0,2,0]
[1,0,0,0,0,0,0,0,0,0,0] + [0,0,0,0,0,0,0,0,0,1,2] <= [0,0,2,2,1,0,0,0,0,2,2]
[1,0,0,0,0,0,0,0,0,0,1] + [0,0,0,0,0,0,0,0,0,0,0] <= [1,0,1,1,0,0,0,0,0,0,1]
[1,0,0,0,0,0,0,0,0,0,2] + [0,0,0,0,0,0,0,0,0,1,0] <= [0,0,2,2,1,0,0,0,0,2,2]
