c Maximal rule for r=a:bc;s=a:bdr; ar,br,c,dr; ar,br,cr,d
C name=01.vlp, rows=43, cols=218, objs=27
C vertices=49, facets=171373
[0,0,0,0,0,0,0,0,0] + [0,0,0,0,0,0,0,0,1] <= [0,0,0,0,0,0,0,0,1]
[0,0,0,0,0,0,0,0,0] + [0,0,0,0,0,0,0,1,0] <= [0,1,0,0,0,0,0,1,0]
[0,0,0,0,0,0,0,0,0] + [0,0,0,0,0,0,0,1,0] <= [1,1,3,1,1,1,0,1,0]
[0,0,0,0,0,0,0,0,0] + [0,0,0,0,0,0,1,0,0] <= [0,0,1,0,0,0,1,0,0]
[0,0,0,0,0,0,0,0,0] + [0,0,0,0,0,0,1,0,0] <= [1,0,4,1,1,1,1,0,0]
[0,0,0,0,0,0,0,0,0] + [0,0,0,0,0,1,0,0,0] <= [0,0,1,0,0,1,0,0,0]
[0,0,0,0,0,0,0,0,0] + [0,0,0,1,0,0,0,0,0] <= [0,0,1,1,0,0,0,0,0]
[0,0,0,0,0,0,0,0,0] + [0,0,0,1,0,0,0,0,0] <= [0,1,0,1,0,0,0,0,0]
[0,0,0,0,0,0,0,0,0] + [0,0,0,1,0,0,0,0,0] <= [1,0,3,1,1,1,1,0,0]
[0,0,0,0,0,0,0,0,0] + [0,0,0,1,0,0,0,0,0] <= [2,2,4,1,0,1,1,0,0]
[0,0,0,0,0,0,0,0,0] + [0,0,1,0,0,0,0,0,0] <= [0,0,1,0,0,0,0,0,0]
[0,0,0,0,0,0,0,0,0] + [0,1,0,0,0,0,0,0,0] <= [0,1,0,0,0,0,0,0,0]
[0,0,0,0,0,0,0,0,0] + [1,0,0,0,0,0,0,0,0] <= [1,1,1,0,0,0,0,0,0]
[0,0,0,0,0,0,0,0,0] + [1,0,0,0,0,0,0,0,0] <= [2,1,4,1,1,1,0,0,0]
[0,0,0,0,0,0,0,0,1] + [0,0,0,0,0,0,0,0,0] <= [0,0,0,0,0,0,0,0,1]
[0,0,0,0,0,0,0,1,0] + [0,0,0,0,0,0,0,0,0] <= [0,1,0,0,0,0,0,1,0]
[0,0,0,0,0,0,0,1,0] + [0,0,0,0,0,0,0,0,0] <= [1,1,3,1,1,1,0,1,0]
[0,0,0,0,0,0,1,0,0] + [0,0,0,0,0,0,0,0,0] <= [0,0,1,0,0,0,1,0,0]
[0,0,0,0,0,0,1,0,0] + [0,0,0,0,0,0,0,0,0] <= [1,0,4,1,1,1,1,0,0]
[0,0,0,0,0,1,0,0,0] + [0,0,0,0,0,0,0,0,0] <= [0,0,1,0,0,1,0,0,0]
[0,0,0,0,1,0,0,0,0] + [0,0,0,0,0,0,0,0,0] <= [0,0,1,0,1,0,0,0,0]
[0,0,0,0,1,0,0,0,0] + [0,0,0,0,0,0,0,0,0] <= [1,0,3,1,1,1,1,0,1]
[0,0,0,0,1,0,0,0,0] + [0,0,0,0,0,0,0,1,0] <= [1,1,3,2,1,1,0,1,1]
[0,0,0,0,1,0,0,0,0] + [0,0,0,0,0,0,1,0,0] <= [1,0,4,2,1,1,1,0,1]
[0,0,0,0,1,0,0,0,0] + [0,0,0,1,0,0,0,0,0] <= [1,0,3,2,1,1,1,0,1]
[0,0,0,0,1,0,0,0,0] + [0,0,0,1,0,0,0,0,0] <= [1,0,4,1,1,1,2,0,1]
[0,0,0,0,1,0,0,0,0] + [0,0,0,1,0,0,0,0,0] <= [1,1,1,1,0,0,0,0,0]
[0,0,0,0,1,0,0,0,0] + [0,0,0,1,0,0,0,0,0] <= [2,1,4,2,1,1,0,0,0]
[0,0,0,0,1,0,0,1,0] + [0,0,0,0,0,0,0,0,0] <= [1,1,3,2,1,1,0,1,1]
[0,0,0,0,1,0,1,0,0] + [0,0,0,0,0,0,0,0,0] <= [1,0,4,2,1,1,1,0,1]
[0,0,0,0,2,0,0,0,0] + [0,0,0,1,0,0,0,0,0] <= [2,1,4,3,1,1,0,0,1]
[0,0,0,1,0,0,0,0,0] + [0,0,0,0,0,0,0,0,0] <= [0,0,1,1,0,0,0,0,0]
[0,0,0,1,0,0,0,0,0] + [0,0,0,0,0,0,0,0,0] <= [0,1,0,1,0,0,0,0,0]
[0,0,0,1,0,0,0,0,0] + [0,0,0,0,0,0,0,0,0] <= [1,0,3,1,1,1,1,0,0]
[0,0,0,1,0,0,0,0,0] + [0,0,0,0,0,0,0,0,0] <= [2,2,4,1,0,1,1,0,0]
[0,0,0,1,1,0,0,0,0] + [0,0,0,0,0,0,0,0,0] <= [1,0,3,2,1,1,1,0,1]
[0,0,0,1,1,0,0,0,0] + [0,0,0,0,0,0,0,0,0] <= [1,0,4,1,1,1,2,0,1]
[0,0,0,1,1,0,0,0,0] + [0,0,0,0,0,0,0,0,0] <= [1,1,1,1,0,0,0,0,0]
[0,0,0,1,1,0,0,0,0] + [0,0,0,0,0,0,0,0,0] <= [2,1,4,2,1,1,0,0,0]
[0,0,0,1,2,0,0,0,0] + [0,0,0,0,0,0,0,0,0] <= [2,1,4,3,1,1,0,0,1]
[0,0,1,0,0,0,0,0,0] + [0,0,0,0,0,0,0,0,0] <= [0,0,1,0,0,0,0,0,0]
[1,0,0,0,0,0,0,0,0] + [0,0,0,0,0,0,0,0,0] <= [1,1,1,0,0,0,0,0,0]
[1,0,0,0,0,0,0,0,0] + [0,0,0,0,0,0,0,0,0] <= [2,1,4,1,1,1,0,0,0]
