c Maximal rule for r=a:bc;s=b:adr; ar,br,c,dr; ar,br,cr,d
C name=03.vlp, rows=43, cols=218, objs=27
C vertices=28, facets=54093
[0,0,0,0,0,0,0,0,0] + [0,0,0,0,0,0,0,0,1] <= [0,0,0,0,0,0,0,0,1]
[0,0,0,0,0,0,0,0,0] + [0,0,0,0,0,0,0,1,0] <= [0,1,0,0,0,0,0,1,0]
[0,0,0,0,0,0,0,0,0] + [0,0,0,0,0,0,1,0,0] <= [0,0,1,0,0,0,1,0,0]
[0,0,0,0,0,0,0,0,0] + [0,0,0,0,0,1,0,0,0] <= [0,0,1,0,0,1,0,0,0]
[0,0,0,0,0,0,0,0,0] + [0,0,0,1,0,0,0,0,0] <= [0,0,1,1,0,0,0,0,0]
[0,0,0,0,0,0,0,0,0] + [0,0,0,1,0,0,0,0,0] <= [0,1,0,1,0,0,0,0,0]
[0,0,0,0,0,0,0,0,0] + [0,0,0,1,0,0,0,0,0] <= [2,2,4,1,0,1,1,0,0]
[0,0,0,0,0,0,0,0,0] + [0,0,1,0,0,0,0,0,0] <= [0,0,1,0,0,0,0,0,0]
[0,0,0,0,0,0,0,0,0] + [0,1,0,0,0,0,0,0,0] <= [0,1,0,0,0,0,0,0,0]
[0,0,0,0,0,0,0,0,0] + [1,0,0,0,0,0,0,0,0] <= [1,1,1,0,0,0,0,0,0]
[0,0,0,0,0,0,0,0,1] + [0,0,0,0,0,0,0,0,0] <= [0,0,0,0,0,0,0,0,1]
[0,0,0,0,0,0,0,1,0] + [0,0,0,0,0,0,0,0,0] <= [0,1,0,0,0,0,0,1,0]
[0,0,0,0,0,0,1,0,0] + [0,0,0,0,0,0,0,0,0] <= [0,0,1,0,0,0,1,0,0]
[0,0,0,0,0,1,0,0,0] + [0,0,0,0,0,0,0,0,0] <= [0,0,1,0,0,1,0,0,0]
[0,0,0,0,1,0,0,0,0] + [0,0,0,0,0,0,0,0,0] <= [0,0,1,0,1,0,0,0,0]
[0,0,0,0,1,0,0,0,0] + [0,0,0,1,0,0,0,0,0] <= [1,1,1,1,0,0,0,0,0]
[0,0,0,1,0,0,0,0,0] + [0,0,0,0,0,0,0,0,0] <= [0,0,1,1,0,0,0,0,0]
[0,0,0,1,0,0,0,0,0] + [0,0,0,0,0,0,0,0,0] <= [0,1,0,1,0,0,0,0,0]
[0,0,0,1,0,0,0,0,0] + [0,0,0,0,0,0,0,0,0] <= [2,2,4,1,0,1,1,0,0]
[0,0,0,1,1,0,0,0,0] + [0,0,0,0,0,0,0,0,0] <= [1,1,1,1,0,0,0,0,0]
[0,0,1,0,0,0,0,0,0] + [0,0,0,0,0,0,0,0,0] <= [0,0,1,0,0,0,0,0,0]
[1,0,0,0,0,0,0,0,0] + [0,0,0,0,0,0,0,0,0] <= [1,1,1,0,0,0,0,0,0]
