c Maximal rule for rs=cd:ab; a,r,c,d; r,b,c,d
C name=11.vlp, rows=30, cols=144, objs=27
C vertices=29, facets=364105
[0,0,0,0,0,0,0,0,0] + [0,0,0,0,0,0,0,0,1] <= [0,0,0,0,0,0,0,0,1]
[0,0,0,0,0,0,0,0,0] + [0,0,0,0,0,1,0,0,0] <= [0,0,0,0,0,1,0,0,0]
[0,0,0,0,0,0,0,0,0] + [0,0,0,0,0,1,0,0,0] <= [0,0,1,0,0,0,0,0,0]
[0,0,0,0,0,0,0,0,0] + [0,0,1,0,0,0,0,0,0] <= [0,0,1,0,0,0,0,0,0]
[0,0,0,0,0,0,0,0,0] + [0,0,1,0,0,1,0,0,0] <= [0,0,1,0,0,0,0,0,1]
[0,0,0,0,0,0,0,1,0] + [0,0,0,0,0,0,0,0,0] <= [0,0,0,0,0,0,0,1,0]
[0,0,0,0,0,0,1,0,0] + [0,0,0,0,0,0,0,0,0] <= [0,0,0,0,0,0,1,0,0]
[0,0,0,0,0,0,1,0,0] + [0,0,0,0,0,0,0,0,0] <= [0,0,0,1,0,0,0,0,0]
[0,0,0,0,0,0,1,0,0] + [0,0,0,0,0,0,1,0,0] <= [0,1,0,0,0,0,1,0,0]
[0,0,0,0,0,0,1,0,0] + [0,0,0,0,0,1,0,0,0] <= [1,0,0,0,1,1,1,0,0]
[0,0,0,0,0,0,1,0,0] + [0,0,0,0,1,0,0,0,0] <= [0,0,0,1,1,0,0,0,0]
[0,0,0,0,0,0,1,0,0] + [0,0,1,0,0,1,0,1,0] <= [0,1,1,0,0,0,1,0,1]
[0,0,0,0,0,0,1,0,1] + [0,0,1,0,0,1,0,0,0] <= [0,1,1,0,0,0,1,0,1]
[0,0,0,0,0,1,0,0,0] + [0,0,0,0,0,1,0,0,0] <= [0,1,0,0,0,1,0,0,0]
[0,0,0,0,1,0,0,0,0] + [0,0,0,0,0,1,0,0,0] <= [0,0,1,0,1,0,0,0,0]
[0,0,0,1,0,0,0,0,0] + [0,0,0,0,0,0,0,0,0] <= [0,0,0,1,0,0,0,0,0]
[0,0,0,1,0,0,0,0,0] + [0,0,0,1,0,0,0,0,0] <= [0,1,0,1,0,0,0,0,0]
[0,0,0,1,0,0,0,0,0] + [0,1,0,0,0,0,0,0,0] <= [0,1,0,1,0,0,0,0,0]
[0,0,0,1,0,0,1,0,0] + [0,0,0,0,0,0,0,0,0] <= [0,0,0,1,0,0,0,1,0]
[0,0,0,1,0,0,1,0,0] + [0,0,0,0,0,1,0,1,0] <= [0,1,0,1,0,1,0,1,0]
[0,0,0,1,0,0,1,0,0] + [0,0,1,0,0,1,0,1,0] <= [1,1,1,1,0,0,0,0,0]
[0,0,0,1,0,0,1,0,0] + [1,0,0,0,0,0,0,0,0] <= [1,1,0,1,0,0,0,0,0]
[0,0,0,1,0,0,1,0,1] + [0,0,0,0,0,1,0,0,0] <= [0,1,0,1,0,1,0,1,0]
[0,0,0,1,0,0,1,0,1] + [0,0,1,0,0,1,0,0,0] <= [1,1,1,1,0,0,0,0,0]
[0,0,1,0,0,0,0,0,0] + [0,0,1,0,0,0,0,0,0] <= [0,1,1,0,0,0,0,0,0]
[0,1,0,0,0,0,0,0,0] + [0,0,1,0,0,0,0,0,0] <= [0,1,1,0,0,0,0,0,0]
[1,0,0,0,0,0,0,0,0] + [0,0,1,0,0,1,0,0,0] <= [1,1,1,0,0,0,0,0,0]
