c Maximal rule for rs=cd:ab; a,r,c,d; ar,br,cr,dr
C name=14.vlp, rows=30, cols=144, objs=27
C vertices=24, facets=252264
[0,0,0,0,0,0,0,0,0] + [0,0,0,0,0,0,0,0,1] <= [0,0,1,0,0,0,0,0,1]
[0,0,0,0,0,0,0,0,0] + [0,0,0,0,0,1,0,0,0] <= [0,0,0,0,0,1,0,0,0]
[0,0,0,0,0,0,0,0,0] + [0,0,1,0,0,0,0,0,0] <= [0,0,1,0,0,0,0,0,0]
[0,0,0,0,0,0,0,1,0] + [0,0,0,0,0,0,0,0,0] <= [0,0,0,0,0,0,0,1,0]
[0,0,0,0,0,0,1,0,0] + [0,0,0,0,0,0,0,0,0] <= [0,0,0,1,0,0,0,0,0]
[0,0,0,0,0,0,1,0,0] + [0,0,0,0,0,0,1,0,0] <= [0,0,0,0,0,0,1,0,0]
[0,0,0,0,0,0,1,0,0] + [0,0,0,0,1,0,0,0,0] <= [0,0,0,1,1,0,0,0,0]
[0,0,0,0,0,0,1,0,0] + [0,0,0,0,1,0,0,0,0] <= [0,1,0,0,0,0,1,0,0]
[0,0,0,0,0,0,1,0,0] + [0,0,0,0,1,0,0,0,0] <= [1,0,0,0,1,1,1,0,0]
[0,0,0,0,0,0,1,0,1] + [0,0,0,0,1,0,0,0,0] <= [0,1,1,0,0,0,1,0,1]
[0,0,0,0,0,1,0,0,0] + [0,0,0,0,1,0,0,0,0] <= [0,1,0,0,0,1,0,0,0]
[0,0,0,0,1,0,0,0,0] + [0,0,0,0,1,0,0,0,0] <= [0,0,1,0,1,0,0,0,0]
[0,0,0,1,0,0,0,0,0] + [0,0,0,1,0,0,0,0,0] <= [0,0,0,1,0,0,0,0,0]
[0,0,0,1,0,0,0,0,0] + [0,1,0,0,0,0,0,0,0] <= [0,1,0,1,0,0,0,0,0]
[0,0,0,1,0,0,1,0,0] + [0,0,0,0,0,0,0,1,0] <= [0,0,0,1,0,0,0,1,0]
[0,0,0,1,0,0,1,0,0] + [1,0,0,0,0,0,0,0,0] <= [1,0,1,1,0,0,0,0,0]
[0,0,0,1,0,0,1,0,1] + [0,0,0,0,1,0,0,0,0] <= [0,1,0,1,0,1,0,1,0]
[0,0,0,1,0,0,1,0,1] + [0,1,0,0,1,0,0,0,0] <= [1,1,1,1,0,0,0,0,0]
[0,0,1,0,0,0,0,0,0] + [0,1,0,0,0,0,0,0,0] <= [0,1,1,0,0,0,0,0,0]
[0,1,0,0,0,0,0,0,0] + [0,1,0,0,0,0,0,0,0] <= [0,1,1,0,0,0,0,0,0]
[1,0,0,0,0,0,0,0,0] + [0,1,0,0,1,0,0,0,0] <= [1,1,1,0,0,0,0,0,0]
