c Maximal rule for r=c:ab;s=a:bdr; a,r,c,d; ar,br,c,dr
C name=16.vlp, rows=43, cols=218, objs=27
C vertices=34, facets=170811
[0,0,0,0,0,0,0,0,0] + [0,0,0,0,0,0,0,0,1] <= [0,0,1,0,0,0,0,0,1]
[0,0,0,0,0,0,0,0,0] + [0,0,0,0,0,0,1,0,0] <= [1,1,2,0,1,1,1,0,0]
[0,0,0,0,0,0,0,0,0] + [0,0,0,0,0,1,0,0,0] <= [0,0,0,0,0,1,0,0,0]
[0,0,0,0,0,0,0,0,0] + [0,0,0,0,1,0,0,0,0] <= [1,2,2,0,1,1,1,0,0]
[0,0,0,0,0,0,0,0,0] + [0,0,1,0,0,0,0,0,0] <= [0,0,1,0,0,0,0,0,0]
[0,0,0,0,0,0,0,0,1] + [0,0,0,0,1,0,0,0,0] <= [1,2,3,0,1,1,1,0,1]
[0,0,0,0,0,0,0,1,0] + [0,0,0,0,0,0,0,0,0] <= [0,0,0,0,0,0,0,1,0]
[0,0,0,0,0,0,1,0,0] + [0,0,0,0,0,0,0,0,0] <= [0,0,0,1,0,0,0,0,0]
[0,0,0,0,0,0,1,0,0] + [0,0,0,0,0,0,1,0,0] <= [0,0,0,0,0,0,1,0,0]
[0,0,0,0,0,0,1,0,0] + [0,0,0,0,1,0,0,0,0] <= [0,0,0,1,1,0,0,0,0]
[0,0,0,0,0,0,1,0,0] + [0,0,0,0,1,0,0,0,0] <= [0,1,0,0,0,0,1,0,0]
[0,0,0,0,0,0,1,0,1] + [0,0,0,0,1,0,0,0,0] <= [0,1,1,0,0,0,1,0,1]
[0,0,0,0,0,1,0,0,0] + [0,0,0,0,1,0,0,0,0] <= [0,1,0,0,0,1,0,0,0]
[0,0,0,0,1,0,0,0,0] + [0,0,0,0,1,0,0,0,0] <= [0,0,1,0,1,0,0,0,0]
[0,0,0,1,0,0,0,0,0] + [0,0,0,0,0,0,0,1,0] <= [1,1,2,1,1,1,0,1,0]
[0,0,0,1,0,0,0,0,0] + [0,0,0,1,0,0,0,0,0] <= [0,0,0,1,0,0,0,0,0]
[0,0,0,1,0,0,0,0,0] + [1,0,0,0,0,0,0,0,0] <= [2,1,3,1,1,1,0,0,0]
[0,0,0,1,0,0,0,0,1] + [0,0,0,0,1,0,0,0,0] <= [2,2,3,1,1,1,0,0,0]
[0,0,0,1,0,0,1,0,0] + [0,0,0,0,0,0,0,1,0] <= [0,0,0,1,0,0,0,1,0]
[0,0,0,1,0,0,1,0,0] + [1,0,0,0,0,0,0,0,0] <= [1,0,1,1,0,0,0,0,0]
[0,0,0,1,0,0,1,0,1] + [0,0,0,0,1,0,0,0,0] <= [0,1,0,1,0,1,0,1,0]
[0,0,0,1,0,0,1,0,1] + [0,0,0,0,1,0,0,0,0] <= [1,1,1,1,0,0,0,0,0]
[0,0,0,1,0,0,3,0,0] + [0,0,0,0,0,0,0,0,0] <= [1,0,1,2,1,1,1,0,0]
[0,0,0,1,0,1,2,0,0] + [0,0,0,0,0,0,0,0,0] <= [1,1,1,1,0,2,1,0,0]
[0,0,0,1,1,0,2,0,0] + [0,0,0,0,0,0,0,0,0] <= [1,0,2,1,1,1,1,0,0]
[0,0,0,2,0,0,3,0,1] + [0,0,0,0,0,0,0,0,0] <= [2,1,2,2,0,1,1,0,0]
[0,0,1,0,0,0,0,0,0] + [0,0,0,0,0,0,0,0,0] <= [0,1,1,0,0,0,0,0,0]
[0,1,0,0,0,0,0,0,0] + [0,0,0,0,0,0,0,0,0] <= [0,1,1,0,0,0,0,0,0]
[1,0,0,0,0,0,0,0,0] + [0,0,0,0,1,0,0,0,0] <= [1,1,1,0,0,0,0,0,0]
[1,0,0,1,0,0,2,0,0] + [0,0,0,0,0,0,0,0,0] <= [2,1,2,1,0,1,1,0,0]
