c Maximal rule for rs=cd:ab; ar,br,cr,dr; a,b,cr,d
C name=22.vlp, rows=30, cols=144, objs=27
C vertices=29, facets=574605
[0,0,0,0,0,0,0,0,0] + [0,0,0,0,0,0,0,0,1] <= [0,0,1,0,0,0,0,0,1]
[0,0,0,0,0,0,0,0,0] + [0,0,0,0,0,0,0,1,0] <= [0,0,0,1,0,0,0,1,0]
[0,0,0,0,0,0,0,0,0] + [0,0,0,0,0,0,1,0,0] <= [0,0,0,0,0,0,1,0,0]
[0,0,0,0,0,0,0,0,0] + [0,0,0,0,0,1,0,0,0] <= [0,0,0,0,0,1,0,0,0]
[0,0,0,0,0,0,0,0,0] + [0,0,0,0,1,0,0,0,0] <= [0,0,0,0,1,0,0,0,0]
[0,0,0,0,0,0,0,0,0] + [0,0,0,1,0,0,0,0,0] <= [0,0,0,2,0,0,0,0,0]
[0,0,0,0,0,0,0,0,0] + [0,0,1,0,0,0,0,0,0] <= [0,0,2,0,0,0,0,0,0]
[0,0,0,0,0,0,0,0,0] + [0,1,0,0,0,0,0,0,0] <= [0,1,0,1,0,0,0,0,0]
[0,0,0,0,0,0,0,0,0] + [0,1,0,0,0,0,0,0,0] <= [0,1,1,0,0,0,0,0,0]
[0,0,0,0,0,0,0,0,0] + [1,0,0,0,0,0,0,0,0] <= [1,0,1,1,0,0,0,0,0]
[0,0,0,0,0,0,0,0,1] + [0,0,0,0,0,0,0,0,0] <= [0,0,1,0,0,0,0,0,1]
[0,0,0,0,0,0,0,1,0] + [0,0,0,0,0,0,0,0,0] <= [0,0,0,1,0,0,0,1,0]
[0,0,0,0,0,0,1,0,0] + [0,0,0,0,0,0,0,0,0] <= [0,0,0,0,0,0,1,0,0]
[0,0,0,0,0,1,0,0,0] + [0,0,0,0,0,0,0,0,0] <= [0,0,0,0,0,1,0,0,0]
[0,0,0,0,1,0,0,0,0] + [0,0,0,0,0,0,0,0,0] <= [0,0,0,1,1,0,0,0,0]
[0,0,0,0,1,0,0,0,0] + [0,0,0,0,0,0,0,0,0] <= [0,0,1,0,1,0,0,0,0]
[0,0,0,0,1,0,0,0,0] + [0,0,0,0,0,0,0,0,0] <= [0,1,0,0,0,0,1,0,0]
[0,0,0,0,1,0,0,0,0] + [0,0,0,0,0,0,0,0,0] <= [0,1,0,0,0,1,0,0,0]
[0,0,0,0,1,0,0,0,0] + [0,0,0,0,0,0,0,0,0] <= [1,0,0,0,1,1,1,0,0]
[0,0,0,0,1,0,0,0,0] + [0,1,0,0,0,0,0,0,0] <= [1,1,1,1,0,0,0,0,0]
[0,0,0,1,0,0,0,0,0] + [0,0,0,0,0,0,0,0,0] <= [0,0,0,1,0,0,0,0,0]
[0,0,1,0,0,0,0,0,0] + [0,0,0,0,0,0,0,0,0] <= [0,0,1,0,0,0,0,0,0]
[0,1,0,0,0,0,0,0,0] + [0,0,0,0,0,0,0,0,0] <= [0,1,0,1,0,0,0,0,0]
[0,1,0,0,0,0,0,0,0] + [0,0,0,0,0,0,0,0,0] <= [0,1,1,0,0,0,0,0,0]
[0,1,0,0,1,0,0,0,0] + [0,0,0,0,0,0,0,0,0] <= [1,1,1,1,0,0,0,0,0]
[1,0,0,0,0,0,0,0,0] + [0,0,0,0,0,0,0,0,0] <= [1,0,1,1,0,0,0,0,0]
