c Maximal rule for rs=cd:ab; a,b,cr,d; a,b,c,dr
C name=24.vlp, rows=30, cols=144, objs=27
C vertices=26, facets=529795
[0,0,0,0,0,0,0,0,0] + [0,0,0,0,0,0,0,0,1] <= [0,0,1,0,0,0,0,0,1]
[0,0,0,0,0,0,0,0,0] + [0,0,0,0,0,0,0,1,0] <= [0,0,0,1,0,0,0,1,0]
[0,0,0,0,0,0,0,0,0] + [0,0,0,0,0,0,1,0,0] <= [0,0,0,1,0,0,1,0,0]
[0,0,0,0,0,0,0,0,0] + [0,0,0,0,0,1,0,0,0] <= [0,0,1,0,0,1,0,0,0]
[0,0,0,0,0,0,0,0,0] + [0,0,0,0,1,0,0,0,0] <= [0,0,0,1,1,0,0,0,0]
[0,0,0,0,0,0,0,0,0] + [0,0,0,0,1,0,0,0,0] <= [0,0,1,0,1,0,0,0,0]
[0,0,0,0,0,0,0,0,0] + [0,0,0,0,1,0,0,0,0] <= [0,1,0,0,0,0,1,0,0]
[0,0,0,0,0,0,0,0,0] + [0,0,0,0,1,0,0,0,0] <= [0,1,0,0,0,1,0,0,0]
[0,0,0,0,0,0,0,0,0] + [0,0,0,0,1,0,0,0,0] <= [1,0,0,0,1,1,1,0,0]
[0,0,0,0,0,0,0,0,0] + [0,0,0,1,0,0,0,0,0] <= [0,0,0,1,0,0,0,0,0]
[0,0,0,0,0,0,0,0,0] + [0,0,1,0,0,0,0,0,0] <= [0,0,1,0,0,0,0,0,0]
[0,0,0,0,0,0,0,0,0] + [0,1,0,0,0,0,0,0,0] <= [0,1,0,0,0,0,0,0,0]
[0,0,0,0,0,0,0,0,0] + [1,0,0,0,0,0,0,0,0] <= [1,0,1,1,0,0,0,0,0]
[0,0,0,0,0,0,0,0,1] + [0,0,0,0,0,0,0,0,0] <= [0,0,1,0,0,0,0,0,1]
[0,0,0,0,0,0,0,1,0] + [0,0,0,0,0,0,0,0,0] <= [0,0,0,1,0,0,0,1,0]
[0,0,0,0,0,0,1,0,0] + [0,0,0,0,0,0,0,0,0] <= [0,0,0,0,0,0,1,0,0]
[0,0,0,0,0,1,0,0,0] + [0,0,0,0,0,0,0,0,0] <= [0,0,0,0,0,1,0,0,0]
[0,0,0,0,1,0,0,0,0] + [0,0,0,0,0,0,0,0,0] <= [0,0,0,0,1,0,0,0,0]
[0,0,0,1,0,0,0,0,0] + [0,0,0,0,0,0,0,0,0] <= [0,0,0,2,0,0,0,0,0]
[0,0,1,0,0,0,0,0,0] + [0,0,0,0,0,0,0,0,0] <= [0,0,2,0,0,0,0,0,0]
[0,1,0,0,0,0,0,0,0] + [0,0,0,0,0,0,0,0,0] <= [0,1,0,1,0,0,0,0,0]
[0,1,0,0,0,0,0,0,0] + [0,0,0,0,0,0,0,0,0] <= [0,1,1,0,0,0,0,0,0]
[0,1,0,0,0,0,0,0,0] + [0,0,0,0,1,0,0,0,0] <= [1,1,1,1,0,0,0,0,0]
[1,0,0,0,0,0,0,0,0] + [0,0,0,0,0,0,0,0,0] <= [1,0,1,1,0,0,0,0,0]
