c Maximal rule for r=c:ab;s=a:bdr; ar,br,cr,dr; a,b,cr,d
C name=26.vlp, rows=42, cols=218, objs=27
C vertices=52, facets=740593
[0,0,0,0,0,0,0,0,0] + [0,0,0,0,0,0,0,0,1] <= [0,0,1,0,0,0,0,0,1]
[0,0,0,0,0,0,0,0,0] + [0,0,0,0,0,0,0,1,0] <= [0,0,0,1,0,0,0,1,0]
[0,0,0,0,0,0,0,0,0] + [0,0,0,0,0,0,1,0,0] <= [0,0,0,0,0,0,1,0,0]
[0,0,0,0,0,0,0,0,0] + [0,0,0,0,0,1,0,0,0] <= [0,0,0,0,0,1,0,0,0]
[0,0,0,0,0,0,0,0,0] + [0,0,0,0,1,0,0,0,0] <= [0,0,0,0,1,0,0,0,0]
[0,0,0,0,0,0,0,0,0] + [0,0,0,1,0,0,0,0,0] <= [0,0,0,2,0,0,0,0,0]
[0,0,0,0,0,0,0,0,0] + [0,0,1,0,0,0,0,0,0] <= [0,0,2,0,0,0,0,0,0]
[0,0,0,0,0,0,0,0,0] + [0,1,0,0,0,0,0,0,0] <= [0,1,0,1,0,0,0,0,0]
[0,0,0,0,0,0,0,0,0] + [0,1,0,0,0,0,0,0,0] <= [0,1,1,0,0,0,0,0,0]
[0,0,0,0,0,0,0,0,0] + [0,1,0,0,0,0,0,0,0] <= [1,1,2,0,1,1,1,0,0]
[0,0,0,0,0,0,0,0,0] + [0,1,0,0,0,0,0,0,0] <= [2,1,2,2,0,1,1,0,0]
[0,0,0,0,0,0,0,0,0] + [1,0,0,0,0,0,0,0,0] <= [1,0,1,1,0,0,0,0,0]
[0,0,0,0,0,0,0,0,1] + [0,0,0,0,0,0,0,0,0] <= [0,0,1,0,0,0,0,0,1]
[0,0,0,0,0,0,0,1,0] + [0,0,0,0,0,0,0,0,0] <= [0,0,0,1,0,0,0,1,0]
[0,0,0,0,0,0,0,1,0] + [0,0,0,0,0,0,0,0,0] <= [1,1,2,1,1,1,0,1,0]
[0,0,0,0,0,0,0,1,0] + [0,1,0,0,0,0,0,0,0] <= [1,2,2,1,1,1,0,1,0]
[0,0,0,0,0,0,1,0,0] + [0,0,0,0,0,0,0,0,0] <= [0,0,0,0,0,0,1,0,0]
[0,0,0,0,0,0,1,0,0] + [0,0,0,0,0,0,0,0,0] <= [1,1,2,0,1,1,1,0,0]
[0,0,0,0,0,0,1,0,0] + [0,1,0,0,0,0,0,0,0] <= [1,2,2,0,1,1,1,0,0]
[0,0,0,0,0,1,0,0,0] + [0,0,0,0,0,0,0,0,0] <= [0,0,0,0,0,1,0,0,0]
[0,0,0,0,1,0,0,0,0] + [0,0,0,0,0,0,0,0,0] <= [0,0,0,1,1,0,0,0,0]
[0,0,0,0,1,0,0,0,0] + [0,0,0,0,0,0,0,0,0] <= [0,0,1,0,1,0,0,0,0]
[0,0,0,0,1,0,0,0,0] + [0,0,0,0,0,0,0,0,0] <= [0,1,0,0,0,0,1,0,0]
[0,0,0,0,1,0,0,0,0] + [0,0,0,0,0,0,0,0,0] <= [0,1,0,0,0,1,0,0,0]
[0,0,0,0,1,0,0,0,0] + [0,0,0,0,0,0,0,0,0] <= [1,2,2,0,1,1,1,0,0]
[0,0,0,0,1,0,0,0,0] + [0,1,0,0,0,0,0,0,0] <= [1,1,1,1,0,0,0,0,0]
[0,0,0,0,1,0,0,0,0] + [0,1,0,0,0,0,0,0,0] <= [1,1,3,0,1,1,2,0,1]
[0,0,0,0,1,0,0,0,0] + [0,1,0,0,0,0,0,0,0] <= [1,2,3,0,1,1,1,0,1]
[0,0,0,0,1,0,0,0,0] + [0,1,0,0,0,0,0,0,0] <= [1,3,2,0,1,1,1,0,0]
[0,0,0,0,1,0,0,0,0] + [0,1,0,0,0,0,0,0,0] <= [2,2,3,1,1,1,0,0,0]
[0,0,0,0,1,0,0,0,0] + [0,2,0,0,0,0,0,0,0] <= [2,3,3,1,1,1,0,0,0]
[0,0,0,1,0,0,0,0,0] + [0,0,0,0,0,0,0,0,0] <= [0,0,0,1,0,0,0,0,0]
[0,0,1,0,0,0,0,0,0] + [0,0,0,0,0,0,0,0,0] <= [0,0,1,0,0,0,0,0,0]
[0,1,0,0,0,0,0,0,0] + [0,0,0,0,0,0,0,0,0] <= [0,1,0,1,0,0,0,0,0]
[0,1,0,0,0,0,0,0,0] + [0,0,0,0,0,0,0,0,0] <= [0,1,1,0,0,0,0,0,0]
[0,1,0,0,0,0,0,0,0] + [0,0,0,0,0,0,0,0,0] <= [1,1,2,0,1,1,1,0,0]
[0,1,0,0,0,0,0,0,0] + [0,0,0,0,0,0,0,0,0] <= [2,1,2,2,0,1,1,0,0]
[0,1,0,0,0,0,0,1,0] + [0,0,0,0,0,0,0,0,0] <= [1,2,2,1,1,1,0,1,0]
[0,1,0,0,0,0,1,0,0] + [0,0,0,0,0,0,0,0,0] <= [1,2,2,0,1,1,1,0,0]
[0,1,0,0,1,0,0,0,0] + [0,0,0,0,0,0,0,0,0] <= [1,1,1,1,0,0,0,0,0]
[0,1,0,0,1,0,0,0,0] + [0,0,0,0,0,0,0,0,0] <= [1,1,3,0,1,1,2,0,1]
[0,1,0,0,1,0,0,0,0] + [0,0,0,0,0,0,0,0,0] <= [1,2,3,0,1,1,1,0,1]
[0,1,0,0,1,0,0,0,0] + [0,0,0,0,0,0,0,0,0] <= [1,3,2,0,1,1,1,0,0]
[0,1,0,0,1,0,0,0,0] + [0,0,0,0,0,0,0,0,0] <= [2,2,3,1,1,1,0,0,0]
[0,2,0,0,1,0,0,0,0] + [0,0,0,0,0,0,0,0,0] <= [2,3,3,1,1,1,0,0,0]
[1,0,0,0,0,0,0,0,0] + [0,0,0,0,0,0,0,0,0] <= [1,0,1,1,0,0,0,0,0]
[1,0,0,0,0,0,0,0,0] + [0,0,0,0,0,0,0,0,0] <= [2,1,3,1,1,1,0,0,0]
