c Maximal rule for r=c:ab;s=a:bdr; ar,br,c,dr; ar,br,cr,d
C name=27.vlp, rows=43, cols=218, objs=27
C vertices=45, facets=228587
[0,0,0,0,0,0,0,0,0] + [0,0,0,0,0,0,0,0,1] <= [0,0,1,0,0,0,0,0,1]
[0,0,0,0,0,0,0,0,0] + [0,0,0,0,0,0,0,1,0] <= [0,0,0,1,0,0,0,1,0]
[0,0,0,0,0,0,0,0,0] + [0,0,0,0,0,0,0,1,0] <= [1,1,2,1,1,1,0,1,0]
[0,0,0,0,0,0,0,0,0] + [0,0,0,0,0,0,1,0,0] <= [0,0,0,0,0,0,1,0,0]
[0,0,0,0,0,0,0,0,0] + [0,0,0,0,0,0,1,0,0] <= [1,1,2,0,1,1,1,0,0]
[0,0,0,0,0,0,0,0,0] + [0,0,0,0,0,1,0,0,0] <= [0,0,0,0,0,1,0,0,0]
[0,0,0,0,0,0,0,0,0] + [0,0,0,1,0,0,0,0,0] <= [0,0,0,1,0,0,0,0,0]
[0,0,0,0,0,0,0,0,0] + [0,0,1,0,0,0,0,0,0] <= [0,0,1,0,0,0,0,0,0]
[0,0,0,0,0,0,0,0,0] + [0,1,0,0,0,0,0,0,0] <= [0,1,0,1,0,0,0,0,0]
[0,0,0,0,0,0,0,0,0] + [0,1,0,0,0,0,0,0,0] <= [0,1,1,0,0,0,0,0,0]
[0,0,0,0,0,0,0,0,0] + [0,1,0,0,0,0,0,0,0] <= [1,1,2,0,1,1,1,0,0]
[0,0,0,0,0,0,0,0,0] + [0,1,0,0,0,0,0,0,0] <= [2,1,2,2,0,1,1,0,0]
[0,0,0,0,0,0,0,0,0] + [0,1,0,0,0,0,0,1,0] <= [1,2,2,1,1,1,0,1,0]
[0,0,0,0,0,0,0,0,0] + [0,1,0,0,0,0,1,0,0] <= [1,2,2,0,1,1,1,0,0]
[0,0,0,0,0,0,0,0,0] + [1,0,0,0,0,0,0,0,0] <= [1,0,1,1,0,0,0,0,0]
[0,0,0,0,0,0,0,0,0] + [1,0,0,0,0,0,0,0,0] <= [2,1,3,1,1,1,0,0,0]
[0,0,0,0,0,0,0,0,1] + [0,0,0,0,0,0,0,0,0] <= [0,0,1,0,0,0,0,0,1]
[0,0,0,0,0,0,0,1,0] + [0,0,0,0,0,0,0,0,0] <= [0,0,0,1,0,0,0,1,0]
[0,0,0,0,0,0,0,1,0] + [0,0,0,0,0,0,0,0,0] <= [1,1,2,1,1,1,0,1,0]
[0,0,0,0,0,0,0,1,0] + [0,1,0,0,0,0,0,0,0] <= [1,2,2,1,1,1,0,1,0]
[0,0,0,0,0,0,1,0,0] + [0,0,0,0,0,0,0,0,0] <= [0,0,0,0,0,0,1,0,0]
[0,0,0,0,0,0,1,0,0] + [0,0,0,0,0,0,0,0,0] <= [1,1,2,0,1,1,1,0,0]
[0,0,0,0,0,0,1,0,0] + [0,1,0,0,0,0,0,0,0] <= [1,2,2,0,1,1,1,0,0]
[0,0,0,0,0,1,0,0,0] + [0,0,0,0,0,0,0,0,0] <= [0,0,0,0,0,1,0,0,0]
[0,0,0,0,1,0,0,0,0] + [0,0,0,0,0,0,0,0,0] <= [0,0,0,1,1,0,0,0,0]
[0,0,0,0,1,0,0,0,0] + [0,0,0,0,0,0,0,0,0] <= [0,0,1,0,1,0,0,0,0]
[0,0,0,0,1,0,0,0,0] + [0,0,0,0,0,0,0,0,0] <= [0,1,0,0,0,0,1,0,0]
[0,0,0,0,1,0,0,0,0] + [0,0,0,0,0,0,0,0,0] <= [0,1,0,0,0,1,0,0,0]
[0,0,0,0,1,0,0,0,0] + [0,0,0,0,0,0,0,0,0] <= [1,2,2,0,1,1,1,0,0]
[0,0,0,0,1,0,0,0,0] + [0,1,0,0,0,0,0,0,0] <= [1,1,1,1,0,0,0,0,0]
[0,0,0,0,1,0,0,0,0] + [0,1,0,0,0,0,0,0,0] <= [1,1,3,0,1,1,2,0,1]
[0,0,0,0,1,0,0,0,0] + [0,1,0,0,0,0,0,0,0] <= [1,2,3,0,1,1,1,0,1]
[0,0,0,0,1,0,0,0,0] + [0,1,0,0,0,0,0,0,0] <= [1,3,2,0,1,1,1,0,0]
[0,0,0,0,1,0,0,0,0] + [0,1,0,0,0,0,0,0,0] <= [2,2,3,1,1,1,0,0,0]
[0,0,0,0,1,0,0,0,0] + [0,2,0,0,0,0,0,0,0] <= [2,3,3,1,1,1,0,0,0]
[0,0,0,1,0,0,0,0,0] + [0,0,0,0,0,0,0,0,0] <= [0,0,0,1,0,0,0,0,0]
[0,0,1,0,0,0,0,0,0] + [0,0,0,0,0,0,0,0,0] <= [0,0,1,0,0,0,0,0,0]
[1,0,0,0,0,0,0,0,0] + [0,0,0,0,0,0,0,0,0] <= [1,0,1,1,0,0,0,0,0]
[1,0,0,0,0,0,0,0,0] + [0,0,0,0,0,0,0,0,0] <= [2,1,3,1,1,1,0,0,0]
