c Maximal rule for rs=cd:ab; a,d,r,s; a,c,r,s
C name=31.vlp, rows=30, cols=144, objs=27
C vertices=39, facets=291610
[0,0,0,0,0,0,0,0,0] + [0,0,0,0,0,0,0,1,0] <= [0,0,0,0,0,0,0,1,0]
[0,0,0,0,0,0,0,0,0] + [0,0,0,0,0,0,1,0,0] <= [0,0,0,0,0,0,1,0,0]
[0,0,0,0,0,0,0,0,0] + [0,0,0,0,0,0,1,0,0] <= [0,0,0,1,0,0,0,0,0]
[0,0,0,0,0,0,0,0,0] + [0,0,0,0,0,0,1,0,1] <= [0,1,1,0,0,0,1,0,1]
[0,0,0,0,0,0,0,0,0] + [0,0,0,0,0,1,0,0,0] <= [0,1,0,0,0,1,0,0,0]
[0,0,0,0,0,0,0,0,0] + [0,0,0,0,1,0,0,0,0] <= [0,0,1,0,1,0,0,0,0]
[0,0,0,0,0,0,0,0,0] + [0,0,0,1,0,0,0,0,0] <= [0,0,0,1,0,0,0,0,0]
[0,0,0,0,0,0,0,0,0] + [0,0,0,1,0,0,1,0,0] <= [0,0,0,1,0,0,0,1,0]
[0,0,0,0,0,0,0,0,0] + [0,0,0,1,0,0,1,0,1] <= [0,1,0,1,0,1,0,1,0]
[0,0,0,0,0,0,0,0,0] + [0,0,0,1,0,0,1,0,1] <= [1,1,1,1,0,0,0,0,0]
[0,0,0,0,0,0,0,0,0] + [0,0,1,0,0,0,0,0,0] <= [0,1,1,0,0,0,0,0,0]
[0,0,0,0,0,0,0,0,0] + [0,1,0,0,0,0,0,0,0] <= [0,1,1,0,0,0,0,0,0]
[0,0,0,0,0,0,0,0,0] + [1,0,0,0,0,0,0,0,0] <= [1,1,1,0,0,0,0,0,0]
[0,0,0,0,0,0,0,0,1] + [0,0,0,0,0,0,1,0,0] <= [0,0,0,1,1,1,0,0,1]
[0,0,0,0,0,0,0,1,0] + [0,0,0,0,0,0,0,0,0] <= [0,0,0,0,0,0,0,1,0]
[0,0,0,0,0,0,1,0,0] + [0,0,0,0,0,0,0,0,0] <= [0,0,0,0,0,0,1,0,0]
[0,0,0,0,0,0,1,0,0] + [0,0,0,0,0,0,1,0,0] <= [0,0,0,0,0,0,1,1,0]
[0,0,0,0,0,0,1,0,1] + [0,0,0,0,0,0,1,0,0] <= [0,0,1,0,1,0,1,1,0]
[0,0,0,0,0,0,1,0,1] + [0,0,0,0,0,0,1,0,0] <= [1,0,0,0,1,1,1,0,0]
[0,0,0,0,0,1,0,0,0] + [0,0,0,0,0,0,0,0,0] <= [0,0,0,0,1,1,0,0,0]
[0,0,0,0,1,0,0,0,0] + [0,0,0,0,0,0,0,0,0] <= [0,0,0,0,1,1,0,0,0]
[0,0,0,1,0,0,0,0,0] + [0,0,0,0,0,0,0,0,0] <= [0,0,0,0,0,0,1,0,0]
[0,0,0,1,0,0,0,0,0] + [0,0,0,0,0,0,0,0,0] <= [0,0,0,1,0,0,0,0,0]
[0,0,0,1,0,0,0,0,0] + [0,0,0,0,0,0,0,0,1] <= [0,1,1,0,0,0,1,0,1]
[0,0,0,1,0,0,0,0,0] + [0,0,0,1,0,0,0,0,0] <= [0,0,0,1,0,0,0,1,0]
[0,0,0,1,0,0,0,0,0] + [0,0,0,1,0,0,0,0,1] <= [0,1,0,1,0,1,0,1,0]
[0,0,0,1,0,0,0,0,0] + [0,0,0,1,0,0,0,0,1] <= [1,1,1,1,0,0,0,0,0]
[0,0,0,1,0,0,0,0,1] + [0,0,0,0,0,0,0,0,0] <= [0,0,0,1,1,1,0,0,1]
[0,0,0,1,0,0,1,0,0] + [0,0,0,0,0,0,0,0,0] <= [0,0,0,0,0,0,1,1,0]
[0,0,0,1,0,0,1,0,1] + [0,0,0,0,0,0,0,0,0] <= [0,0,1,0,1,0,1,1,0]
[0,0,0,1,0,0,1,0,1] + [0,0,0,0,0,0,0,0,0] <= [1,0,0,0,1,1,1,0,0]
[0,0,1,0,0,0,0,0,0] + [0,0,0,0,0,0,0,0,0] <= [0,0,1,0,1,0,0,0,0]
[0,1,0,0,0,0,0,0,0] + [0,0,0,0,0,0,0,0,0] <= [0,1,0,0,0,1,0,0,0]
[1,0,0,0,0,0,0,0,0] + [0,0,0,0,0,0,0,0,0] <= [1,0,0,0,1,1,0,0,0]
