c Maximal rule for rs=cd:ab; a,d,r,s; a,b,c,dr
C name=33.vlp, rows=30, cols=144, objs=27
C vertices=27, facets=497967
[0,0,0,0,0,0,0,0,0] + [0,0,0,0,0,0,0,0,1] <= [0,0,1,0,0,0,0,0,1]
[0,0,0,0,0,0,0,0,0] + [0,0,0,0,0,1,0,0,0] <= [0,0,1,0,0,1,0,0,0]
[0,0,0,0,0,0,0,0,0] + [0,0,0,1,0,0,0,0,0] <= [0,0,0,1,0,0,0,0,0]
[0,0,0,0,0,0,0,0,0] + [0,0,1,0,0,0,0,0,0] <= [0,0,1,0,0,0,0,0,0]
[0,0,0,0,0,0,0,0,0] + [0,1,0,0,0,0,0,0,0] <= [0,1,0,0,0,0,0,0,0]
[0,0,0,0,0,0,0,1,0] + [0,0,0,0,0,0,0,0,0] <= [0,0,0,0,0,0,0,1,0]
[0,0,0,0,0,0,1,0,0] + [0,0,0,0,0,0,0,0,0] <= [0,0,0,0,0,0,1,0,0]
[0,0,0,0,0,1,0,0,0] + [0,0,0,0,0,0,0,0,0] <= [0,0,0,0,1,1,0,0,0]
[0,0,0,0,1,0,0,0,0] + [0,0,0,0,0,0,0,0,0] <= [0,0,0,0,1,1,0,0,0]
[0,0,0,1,0,0,0,0,0] + [0,0,0,0,0,0,0,0,0] <= [0,0,0,0,0,0,1,0,0]
[0,0,0,1,0,0,0,0,0] + [0,0,0,0,0,0,0,0,0] <= [0,0,0,1,0,0,0,0,0]
[0,0,0,1,0,0,0,0,0] + [0,0,0,0,0,0,0,1,0] <= [0,0,0,1,0,0,0,1,0]
[0,0,0,1,0,0,0,0,0] + [0,0,0,0,0,0,1,0,0] <= [0,0,0,1,0,0,1,0,0]
[0,0,0,1,0,0,0,0,0] + [0,0,0,0,1,0,0,0,0] <= [0,0,0,1,1,0,0,0,0]
[0,0,0,1,0,0,0,0,0] + [0,0,0,0,1,0,0,0,0] <= [0,1,0,0,0,0,1,0,0]
[0,0,0,1,0,0,0,0,0] + [0,0,0,0,1,0,0,0,0] <= [1,1,1,1,0,0,0,0,0]
[0,0,0,1,0,0,0,0,0] + [1,0,0,0,0,0,0,0,0] <= [1,0,1,1,0,0,0,0,0]
[0,0,0,1,0,0,0,0,1] + [0,0,0,0,1,0,0,0,0] <= [0,0,0,1,1,1,0,0,1]
[0,0,0,1,0,0,1,0,0] + [0,0,0,0,0,0,0,0,0] <= [0,0,0,0,0,0,1,1,0]
[0,0,0,1,0,0,1,0,1] + [0,0,0,0,1,0,0,0,0] <= [0,0,1,0,1,0,1,1,0]
[0,0,0,1,0,0,1,0,1] + [0,0,0,0,1,0,0,0,0] <= [1,0,0,0,1,1,1,0,0]
[0,0,1,0,0,0,0,0,0] + [0,0,0,0,1,0,0,0,0] <= [0,0,1,0,1,0,0,0,0]
[0,1,0,0,0,0,0,0,0] + [0,0,0,0,1,0,0,0,0] <= [0,1,0,0,0,1,0,0,0]
[1,0,0,0,0,0,0,0,0] + [0,0,0,0,1,0,0,0,0] <= [1,0,0,0,1,1,0,0,0]
