c Maximal rule for rs=cd:ab; a,d,r,s; ac,bc,cr,s
C name=34.vlp, rows=31, cols=144, objs=27
C vertices=25, facets=208994
[0,0,0,0,0,0,0,0,0] + [0,0,0,0,0,0,0,0,1] <= [0,0,1,0,0,0,0,0,1]
[0,0,0,0,0,0,0,0,0] + [0,0,0,0,0,1,0,0,0] <= [0,0,0,0,0,1,0,0,0]
[0,0,0,0,0,0,0,0,0] + [0,0,0,1,0,0,0,0,0] <= [0,0,0,1,0,0,0,0,0]
[0,0,0,0,0,0,0,0,0] + [0,0,1,0,0,0,0,0,0] <= [0,0,1,0,0,0,0,0,0]
[0,0,0,0,0,0,0,0,0] + [0,1,0,0,0,0,0,0,0] <= [0,1,0,1,0,0,0,0,0]
[0,0,0,0,0,0,0,0,0] + [0,1,0,0,0,0,0,0,0] <= [0,1,1,0,0,0,0,0,0]
[0,0,0,0,0,0,0,1,0] + [0,0,0,0,0,0,0,0,0] <= [0,0,0,0,0,0,0,1,0]
[0,0,0,0,0,0,1,0,0] + [0,0,0,0,0,0,0,0,0] <= [0,0,0,0,0,0,1,0,0]
[0,0,0,0,0,1,0,0,0] + [0,0,0,0,0,0,0,0,0] <= [0,0,0,0,1,1,0,0,0]
[0,0,0,0,1,0,0,0,0] + [0,0,0,0,0,0,0,0,0] <= [0,0,0,0,1,1,0,0,0]
[0,0,0,1,0,0,0,0,0] + [0,0,0,0,0,0,0,0,0] <= [0,0,0,1,0,0,0,0,0]
[0,0,0,1,0,0,0,0,0] + [0,0,0,0,0,0,0,1,0] <= [0,0,0,1,0,0,0,1,0]
[0,0,0,1,0,0,0,0,0] + [0,0,0,0,0,0,1,0,0] <= [0,0,0,0,0,0,1,0,0]
[0,0,0,1,0,0,0,0,0] + [0,1,0,0,0,0,0,0,0] <= [1,1,1,1,0,0,0,0,0]
[0,0,0,1,0,0,0,0,0] + [1,0,0,0,0,0,0,0,0] <= [1,0,1,1,0,0,0,0,0]
[0,0,0,1,0,0,0,0,1] + [0,0,0,0,0,0,0,0,0] <= [0,0,0,1,1,1,0,0,1]
[0,0,0,1,0,0,1,0,0] + [0,0,0,0,0,0,0,0,0] <= [0,0,0,0,0,0,1,1,0]
[0,0,0,1,0,0,1,0,1] + [0,0,0,0,0,0,0,0,0] <= [0,0,1,0,1,0,1,1,0]
[0,0,0,1,0,0,1,0,1] + [0,0,0,0,0,0,0,0,0] <= [1,0,0,0,1,1,1,0,0]
[0,0,1,0,0,0,0,0,0] + [0,0,0,0,0,0,0,0,0] <= [0,0,1,0,1,0,0,0,0]
[0,1,0,0,0,0,0,0,0] + [0,0,0,0,0,0,0,0,0] <= [0,1,0,0,0,1,0,0,0]
[1,0,0,0,0,0,0,0,0] + [0,0,0,0,0,0,0,0,0] <= [1,0,0,0,1,1,0,0,0]
