c Maximal rule for rs=cd:ab; a,d,r,s; ac,bc,cr,cs
C name=35.vlp, rows=30, cols=144, objs=27
C vertices=27, facets=417461
[0,0,0,0,0,0,0,0,0] + [0,0,0,0,0,0,0,0,1] <= [0,0,1,0,0,0,0,0,1]
[0,0,0,0,0,0,0,0,0] + [0,0,0,0,0,1,0,0,0] <= [0,0,0,0,0,1,0,0,0]
[0,0,0,0,0,0,0,0,0] + [0,0,0,1,0,0,0,0,0] <= [0,0,0,1,0,0,0,0,0]
[0,0,0,0,0,0,0,0,0] + [0,0,1,0,0,0,0,0,0] <= [0,0,1,0,0,0,0,0,0]
[0,0,0,0,0,0,0,0,0] + [0,1,0,0,0,0,0,0,0] <= [0,1,0,1,0,0,0,0,0]
[0,0,0,0,0,0,0,0,0] + [0,1,0,0,0,0,0,0,0] <= [0,1,1,0,0,0,0,0,0]
[0,0,0,0,0,0,0,1,0] + [0,0,0,0,0,0,0,0,0] <= [0,0,0,0,0,0,0,1,0]
[0,0,0,0,0,0,1,0,0] + [0,0,0,0,0,0,0,0,0] <= [0,0,0,0,0,0,1,0,0]
[0,0,0,0,0,1,0,0,0] + [0,0,0,0,0,0,0,0,0] <= [0,0,0,0,1,1,0,0,0]
[0,0,0,0,1,0,0,0,0] + [0,0,0,0,0,0,0,0,0] <= [0,0,0,0,1,1,0,0,0]
[0,0,0,1,0,0,0,0,0] + [0,0,0,0,0,0,0,0,0] <= [0,0,0,1,0,0,0,0,0]
[0,0,0,1,0,0,0,0,0] + [0,0,0,0,0,0,0,1,0] <= [0,0,0,1,0,0,0,1,0]
[0,0,0,1,0,0,0,0,0] + [0,0,0,0,0,0,1,0,0] <= [0,0,0,0,0,0,1,0,0]
[0,0,0,1,0,0,0,0,0] + [0,0,0,0,1,0,0,0,0] <= [0,0,0,1,1,0,0,0,0]
[0,0,0,1,0,0,0,0,0] + [0,0,0,0,1,0,0,0,0] <= [0,1,0,0,0,0,1,0,0]
[0,0,0,1,0,0,0,0,0] + [0,1,0,0,1,0,0,0,0] <= [1,1,1,1,0,0,0,0,0]
[0,0,0,1,0,0,0,0,0] + [1,0,0,0,0,0,0,0,0] <= [1,0,1,1,0,0,0,0,0]
[0,0,0,1,0,0,0,0,1] + [0,0,0,0,1,0,0,0,0] <= [0,0,0,1,1,1,0,0,1]
[0,0,0,1,0,0,1,0,0] + [0,0,0,0,0,0,0,0,0] <= [0,0,0,0,0,0,1,1,0]
[0,0,0,1,0,0,1,0,1] + [0,0,0,0,1,0,0,0,0] <= [0,0,1,0,1,0,1,1,0]
[0,0,0,1,0,0,1,0,1] + [0,0,0,0,1,0,0,0,0] <= [1,0,0,0,1,1,1,0,0]
[0,0,1,0,0,0,0,0,0] + [0,0,0,0,1,0,0,0,0] <= [0,0,1,0,1,0,0,0,0]
[0,1,0,0,0,0,0,0,0] + [0,0,0,0,1,0,0,0,0] <= [0,1,0,0,0,1,0,0,0]
[1,0,0,0,0,0,0,0,0] + [0,0,0,0,1,0,0,0,0] <= [1,0,0,0,1,1,0,0,0]
