c Maximal rule for rs=cd:ab; a,d,r,s; ac,b,r,s
C name=36.vlp, rows=30, cols=144, objs=27
C vertices=24, facets=398011
[0,0,0,0,0,0,0,0,0] + [0,0,0,0,0,0,0,0,1] <= [0,0,0,0,0,0,0,0,1]
[0,0,0,0,0,0,0,0,0] + [0,0,0,0,0,1,0,0,0] <= [0,0,0,0,0,1,0,0,0]
[0,0,0,0,0,0,0,0,0] + [0,0,0,1,0,0,0,0,0] <= [0,0,0,1,0,0,0,0,0]
[0,0,0,0,0,0,0,0,0] + [0,0,1,0,0,0,0,0,0] <= [0,0,1,0,0,0,0,0,0]
[0,0,0,0,0,0,0,0,0] + [0,1,0,0,0,0,0,0,0] <= [0,1,0,1,0,0,0,0,0]
[0,0,0,0,0,0,0,1,0] + [0,0,0,0,0,0,0,0,0] <= [0,0,0,0,0,0,0,1,0]
[0,0,0,0,0,0,1,0,0] + [0,0,0,0,0,0,0,0,0] <= [0,0,0,0,0,0,1,0,0]
[0,0,0,0,0,1,0,0,0] + [0,0,0,0,0,0,0,0,0] <= [0,0,0,0,1,1,0,0,0]
[0,0,0,0,1,0,0,0,0] + [0,0,0,0,0,0,0,0,0] <= [0,0,0,0,1,1,0,0,0]
[0,0,0,1,0,0,0,0,0] + [0,0,0,0,0,0,0,0,0] <= [0,0,0,1,0,0,0,0,0]
[0,0,0,1,0,0,0,0,0] + [0,0,0,0,0,0,0,0,0] <= [1,1,1,1,0,0,0,0,0]
[0,0,0,1,0,0,0,0,0] + [0,0,0,0,0,0,0,1,0] <= [0,0,0,1,0,0,0,1,0]
[0,0,0,1,0,0,0,0,0] + [0,0,0,0,0,0,1,0,0] <= [0,0,0,0,0,0,1,0,0]
[0,0,0,1,0,0,0,0,0] + [0,0,0,0,1,0,0,0,0] <= [0,0,0,1,1,0,0,0,0]
[0,0,0,1,0,0,0,0,0] + [1,0,0,0,0,0,0,0,0] <= [1,0,0,1,0,0,0,0,0]
[0,0,0,1,0,0,0,0,1] + [0,0,0,0,0,0,0,0,0] <= [0,0,0,1,1,1,0,0,1]
[0,0,0,1,0,0,1,0,0] + [0,0,0,0,0,0,0,0,0] <= [0,0,0,0,0,0,1,1,0]
[0,0,0,1,0,0,1,0,1] + [0,0,0,0,0,0,0,0,0] <= [0,0,1,0,1,0,1,1,0]
[0,0,0,1,0,0,1,0,1] + [0,0,0,0,0,0,0,0,0] <= [1,0,0,0,1,1,1,0,0]
[0,0,1,0,0,0,0,0,0] + [0,0,0,0,0,0,0,0,0] <= [0,0,1,0,1,0,0,0,0]
[0,1,0,0,0,0,0,0,0] + [0,0,0,0,0,0,0,0,0] <= [0,1,0,0,0,1,0,0,0]
[1,0,0,0,0,0,0,0,0] + [0,0,0,0,0,0,0,0,0] <= [1,0,0,0,1,1,0,0,0]
