# Book inequalities up to 300 and generation 23
#
# For generation n and serial number b construct A[0 .. n] so that
#  A[n]=0 and A[i-1].A[i]= 0/1 where 0/1 comes from b. Let
#  (x,y,z) = sum {i<=n, j<=A[i] } (i+j choose i) * [1,i,j], and
#  generate two inequalities: 
#    x, 1,x+y,x+y, 0,z,z, 0,0,0,0,  book=n,  book:n:b
#    x, 1,x+z,x+z, 0,y,y, 0,0,0,0,  bookR=n, book:Rn:b
#
2, 1,2,2, 0,1,1, 0,0,0,0,                 bookR=1,     book:R1:0
2, 1,3,3, 0,0,0, 0,0,0,0,                 book=1,      book:1:0
3, 1,3,3, 0,3,3, 0,0,0,0,                 bookR=2,     book:R2:0
3, 1,4,4, 0,1,1, 0,0,0,0,                 book=1,      book:1:1
3, 1,6,6, 0,0,0, 0,0,0,0,                 book=2,      book:2:0
4, 1,4,4, 0,6,6, 0,0,0,0,                 bookR=3,     book:R3:0
4, 1,5,5, 0,3,3, 0,0,0,0,                 bookR=2,     book:R2:2
4, 1,7,7, 0,1,1, 0,0,0,0,                 book=2,      book:2:2
4, 1,10,10, 0,0,0, 0,0,0,0,               book=3,      book:3:0
5, 1,5,5, 0,10,10, 0,0,0,0,               bookR=4,     book:R4:0
5, 1,6,6, 0,6,6, 0,0,0,0,                 bookR=3,     book:R3:4
5, 1,11,11, 0,1,1, 0,0,0,0,               book=3,      book:3:4
5, 1,15,15, 0,0,0, 0,0,0,0,               book=4,      book:4:0
6, 1,6,6, 0,15,15, 0,0,0,0,               bookR=5,     book:R5:0
6, 1,7,7, 0,10,10, 0,0,0,0,               bookR=4,     book:R4:8
6, 1,9,9, 0,5,5, 0,0,0,0,                 bookR=2,     book:R2:1
6, 1,11,11, 0,3,3, 0,0,0,0,               book=2,      book:2:1
6, 1,16,16, 0,1,1, 0,0,0,0,               book=4,      book:4:8
6, 1,21,21, 0,0,0, 0,0,0,0,               book=5,      book:5:0
7, 1,7,7, 0,21,21, 0,0,0,0,               bookR=6,     book:R6:0
7, 1,8,8, 0,15,15, 0,0,0,0,               bookR=5,     book:R5:16
7, 1,10,10, 0,8,8, 0,0,0,0,               bookR=3,     book:R3:2
7, 1,12,12, 0,5,5, 0,0,0,0,               book=2,      book:2:3
7, 1,15,15, 0,3,3, 0,0,0,0,               book=3,      book:3:2
7, 1,22,22, 0,1,1, 0,0,0,0,               book=5,      book:5:16
7, 1,28,28, 0,0,0, 0,0,0,0,               book=6,      book:6:0
8, 1,8,8, 0,28,28, 0,0,0,0,               bookR=7,     book:R7:0
8, 1,9,9, 0,21,21, 0,0,0,0,               bookR=6,     book:R6:32
8, 1,11,11, 0,12,12, 0,0,0,0,             bookR=4,     book:R4:4
8, 1,13,13, 0,8,8, 0,0,0,0,               bookR=3,     book:R3:6
8, 1,16,16, 0,5,5, 0,0,0,0,               book=3,      book:3:6
8, 1,20,20, 0,3,3, 0,0,0,0,               book=4,      book:4:4
8, 1,29,29, 0,1,1, 0,0,0,0,               book=6,      book:6:32
8, 1,36,36, 0,0,0, 0,0,0,0,               book=7,      book:7:0
9, 1,9,9, 0,36,36, 0,0,0,0,               bookR=8,     book:R8:0
9, 1,10,10, 0,28,28, 0,0,0,0,             bookR=7,     book:R7:64
9, 1,12,12, 0,17,17, 0,0,0,0,             bookR=5,     book:R5:8
9, 1,26,26, 0,3,3, 0,0,0,0,               book=5,      book:5:8
9, 1,37,37, 0,1,1, 0,0,0,0,               book=7,      book:7:64
9, 1,45,45, 0,0,0, 0,0,0,0,               book=8,      book:8:0
10, 1,10,10, 0,45,45, 0,0,0,0,            bookR=9,     book:R9:0
10, 1,11,11, 0,36,36, 0,0,0,0,            bookR=8,     book:R8:128
10, 1,13,13, 0,23,23, 0,0,0,0,            bookR=6,     book:R6:16
10, 1,33,33, 0,3,3, 0,0,0,0,              book=6,      book:6:16
10, 1,46,46, 0,1,1, 0,0,0,0,              book=8,      book:8:128
10, 1,55,55, 0,0,0, 0,0,0,0,              book=9,      book:9:0
11, 1,11,11, 0,55,55, 0,0,0,0,            bookR=10,    book:R10:0
11, 1,12,12, 0,45,45, 0,0,0,0,            bookR=9,     book:R9:256
11, 1,14,14, 0,30,30, 0,0,0,0,            bookR=7,     book:R7:32
11, 1,17,17, 0,18,18, 0,0,0,0,            bookR=4,     book:R4:2
11, 1,19,19, 0,14,14, 0,0,0,0,            bookR=3,     book:R3:5
11, 1,25,25, 0,8,8, 0,0,0,0,              book=3,      book:3:5
11, 1,29,29, 0,6,6, 0,0,0,0,              book=4,      book:4:2
11, 1,41,41, 0,3,3, 0,0,0,0,              book=7,      book:7:32
11, 1,56,56, 0,1,1, 0,0,0,0,              book=9,      book:9:256
11, 1,66,66, 0,0,0, 0,0,0,0,              book=10,     book:10:0
12, 1,12,12, 0,66,66, 0,0,0,0,            bookR=11,    book:R11:0
12, 1,13,13, 0,55,55, 0,0,0,0,            bookR=10,    book:R10:512
12, 1,15,15, 0,38,38, 0,0,0,0,            bookR=8,     book:R8:64
12, 1,18,18, 0,23,23, 0,0,0,0,            bookR=5,     book:R5:4
12, 1,20,20, 0,18,18, 0,0,0,0,            bookR=4,     book:R4:10
12, 1,30,30, 0,8,8, 0,0,0,0,              book=4,      book:4:10
12, 1,35,35, 0,6,6, 0,0,0,0,              book=5,      book:5:4
12, 1,50,50, 0,3,3, 0,0,0,0,              book=8,      book:8:64
12, 1,67,67, 0,1,1, 0,0,0,0,              book=10,     book:10:512
12, 1,78,78, 0,0,0, 0,0,0,0,              book=11,     book:11:0
13, 1,13,13, 0,78,78, 0,0,0,0,            bookR=12,    book:R12:0
13, 1,14,14, 0,66,66, 0,0,0,0,            bookR=11,    book:R11:1024
13, 1,16,16, 0,47,47, 0,0,0,0,            bookR=9,     book:R9:128
13, 1,19,19, 0,29,29, 0,0,0,0,            bookR=6,     book:R6:8
13, 1,21,21, 0,23,23, 0,0,0,0,            bookR=5,     book:R5:20
13, 1,36,36, 0,8,8, 0,0,0,0,              book=5,      book:5:20
13, 1,42,42, 0,6,6, 0,0,0,0,              book=6,      book:6:8
13, 1,60,60, 0,3,3, 0,0,0,0,              book=9,      book:9:128
13, 1,79,79, 0,1,1, 0,0,0,0,              book=11,     book:11:1024
13, 1,91,91, 0,0,0, 0,0,0,0,              book=12,     book:12:0
14, 1,14,14, 0,91,91, 0,0,0,0,            bookR=13,    book:R13:0
14, 1,15,15, 0,78,78, 0,0,0,0,            bookR=12,    book:R12:2048
14, 1,17,17, 0,57,57, 0,0,0,0,            bookR=10,    book:R10:256
14, 1,20,20, 0,36,36, 0,0,0,0,            bookR=7,     book:R7:16
14, 1,28,28, 0,17,17, 0,0,0,0,            bookR=3,     book:R3:3
14, 1,31,31, 0,14,14, 0,0,0,0,            book=3,      book:3:3
14, 1,50,50, 0,6,6, 0,0,0,0,              book=7,      book:7:16
14, 1,71,71, 0,3,3, 0,0,0,0,              book=10,     book:10:256
14, 1,92,92, 0,1,1, 0,0,0,0,              book=12,     book:12:2048
14, 1,105,105, 0,0,0, 0,0,0,0,            book=13,     book:13:0
15, 1,15,15, 0,105,105, 0,0,0,0,          bookR=14,    book:R14:0
15, 1,16,16, 0,91,91, 0,0,0,0,            bookR=13,    book:R13:4096
15, 1,18,18, 0,68,68, 0,0,0,0,            bookR=11,    book:R11:512
15, 1,21,21, 0,44,44, 0,0,0,0,            bookR=8,     book:R8:32
15, 1,29,29, 0,21,21, 0,0,0,0,            bookR=4,     book:R4:6
15, 1,32,32, 0,17,17, 0,0,0,0,            book=3,      book:3:7
15, 1,36,36, 0,14,14, 0,0,0,0,            book=4,      book:4:6
15, 1,59,59, 0,6,6, 0,0,0,0,              book=8,      book:8:32
15, 1,83,83, 0,3,3, 0,0,0,0,              book=11,     book:11:512
15, 1,106,106, 0,1,1, 0,0,0,0,            book=13,     book:13:4096
15, 1,120,120, 0,0,0, 0,0,0,0,            book=14,     book:14:0
16, 1,16,16, 0,120,120, 0,0,0,0,          bookR=15,    book:R15:0
16, 1,17,17, 0,105,105, 0,0,0,0,          bookR=14,    book:R14:8192
16, 1,19,19, 0,80,80, 0,0,0,0,            bookR=12,    book:R12:1024
16, 1,22,22, 0,53,53, 0,0,0,0,            bookR=9,     book:R9:64
16, 1,33,33, 0,21,21, 0,0,0,0,            bookR=4,     book:R4:14
16, 1,37,37, 0,17,17, 0,0,0,0,            book=4,      book:4:14
16, 1,69,69, 0,6,6, 0,0,0,0,              book=9,      book:9:64
16, 1,96,96, 0,3,3, 0,0,0,0,              book=12,     book:12:1024
16, 1,121,121, 0,1,1, 0,0,0,0,            book=14,     book:14:8192
16, 1,136,136, 0,0,0, 0,0,0,0,            book=15,     book:15:0
17, 1,17,17, 0,136,136, 0,0,0,0,          bookR=16,    book:R16:0
17, 1,18,18, 0,120,120, 0,0,0,0,          bookR=15,    book:R15:16384
17, 1,20,20, 0,93,93, 0,0,0,0,            bookR=13,    book:R13:2048
17, 1,23,23, 0,63,63, 0,0,0,0,            bookR=10,    book:R10:128
17, 1,27,27, 0,41,41, 0,0,0,0,            bookR=6,     book:R6:4
17, 1,29,29, 0,35,35, 0,0,0,0,            bookR=5,     book:R5:18
17, 1,52,52, 0,12,12, 0,0,0,0,            book=5,      book:5:18
17, 1,58,58, 0,10,10, 0,0,0,0,            book=6,      book:6:4
17, 1,80,80, 0,6,6, 0,0,0,0,              book=10,     book:10:128
17, 1,110,110, 0,3,3, 0,0,0,0,            book=13,     book:13:2048
17, 1,137,137, 0,1,1, 0,0,0,0,            book=15,     book:15:16384
17, 1,153,153, 0,0,0, 0,0,0,0,            book=16,     book:16:0
18, 1,18,18, 0,153,153, 0,0,0,0,          bookR=17,    book:R17:0
18, 1,19,19, 0,136,136, 0,0,0,0,          bookR=16,    book:R16:32768
18, 1,21,21, 0,107,107, 0,0,0,0,          bookR=14,    book:R14:4096
18, 1,24,24, 0,74,74, 0,0,0,0,            bookR=11,    book:R11:256
18, 1,28,28, 0,48,48, 0,0,0,0,            bookR=7,     book:R7:8
18, 1,30,30, 0,41,41, 0,0,0,0,            bookR=6,     book:R6:36
18, 1,59,59, 0,12,12, 0,0,0,0,            book=6,      book:6:36
18, 1,66,66, 0,10,10, 0,0,0,0,            book=7,      book:7:8
18, 1,92,92, 0,6,6, 0,0,0,0,              book=11,     book:11:256
18, 1,125,125, 0,3,3, 0,0,0,0,            book=14,     book:14:4096
18, 1,154,154, 0,1,1, 0,0,0,0,            book=16,     book:16:32768
18, 1,171,171, 0,0,0, 0,0,0,0,            book=17,     book:17:0
19, 1,19,19, 0,171,171, 0,0,0,0,          bookR=18,    book:R18:0
19, 1,20,20, 0,153,153, 0,0,0,0,          bookR=17,    book:R17:65536
19, 1,22,22, 0,122,122, 0,0,0,0,          bookR=15,    book:R15:8192
19, 1,25,25, 0,86,86, 0,0,0,0,            bookR=12,    book:R12:512
19, 1,29,29, 0,56,56, 0,0,0,0,            bookR=8,     book:R8:16
19, 1,31,31, 0,48,48, 0,0,0,0,            bookR=7,     book:R7:72
19, 1,37,37, 0,33,33, 0,0,0,0,            bookR=4,     book:R4:5
19, 1,52,52, 0,18,18, 0,0,0,0,            book=4,      book:4:5
19, 1,67,67, 0,12,12, 0,0,0,0,            book=7,      book:7:72
19, 1,75,75, 0,10,10, 0,0,0,0,            book=8,      book:8:16
19, 1,105,105, 0,6,6, 0,0,0,0,            book=12,     book:12:512
19, 1,141,141, 0,3,3, 0,0,0,0,            book=15,     book:15:8192
19, 1,172,172, 0,1,1, 0,0,0,0,            book=17,     book:17:65536
19, 1,190,190, 0,0,0, 0,0,0,0,            book=18,     book:18:0
20, 1,20,20, 0,190,190, 0,0,0,0,          bookR=19,    book:R19:0
20, 1,21,21, 0,171,171, 0,0,0,0,          bookR=18,    book:R18:131072
20, 1,23,23, 0,138,138, 0,0,0,0,          bookR=16,    book:R16:16384
20, 1,26,26, 0,99,99, 0,0,0,0,            bookR=13,    book:R13:1024
20, 1,30,30, 0,65,65, 0,0,0,0,            bookR=9,     book:R9:32
20, 1,38,38, 0,38,38, 0,0,0,0,            bookR=5,     book:R5:10
20, 1,41,41, 0,33,33, 0,0,0,0,            bookR=4,     book:R4:13
20, 1,53,53, 0,21,21, 0,0,0,0,            book=4,      book:4:13
20, 1,58,58, 0,18,18, 0,0,0,0,            book=5,      book:5:10
20, 1,85,85, 0,10,10, 0,0,0,0,            book=9,      book:9:32
20, 1,119,119, 0,6,6, 0,0,0,0,            book=13,     book:13:1024
20, 1,158,158, 0,3,3, 0,0,0,0,            book=16,     book:16:16384
20, 1,191,191, 0,1,1, 0,0,0,0,            book=18,     book:18:131072
20, 1,210,210, 0,0,0, 0,0,0,0,            book=19,     book:19:0
21, 1,21,21, 0,210,210, 0,0,0,0,          bookR=20,    book:R20:0
21, 1,22,22, 0,190,190, 0,0,0,0,          bookR=19,    book:R19:262144
21, 1,24,24, 0,155,155, 0,0,0,0,          bookR=17,    book:R17:32768
21, 1,27,27, 0,113,113, 0,0,0,0,          bookR=14,    book:R14:2048
21, 1,31,31, 0,75,75, 0,0,0,0,            bookR=10,    book:R10:64
21, 1,39,39, 0,44,44, 0,0,0,0,            bookR=6,     book:R6:20
21, 1,42,42, 0,38,38, 0,0,0,0,            bookR=5,     book:R5:26
21, 1,59,59, 0,21,21, 0,0,0,0,            book=5,      book:5:26
21, 1,65,65, 0,18,18, 0,0,0,0,            book=6,      book:6:20
21, 1,96,96, 0,10,10, 0,0,0,0,            book=10,     book:10:64
21, 1,134,134, 0,6,6, 0,0,0,0,            book=14,     book:14:2048
21, 1,176,176, 0,3,3, 0,0,0,0,            book=17,     book:17:32768
21, 1,211,211, 0,1,1, 0,0,0,0,            book=19,     book:19:262144
21, 1,231,231, 0,0,0, 0,0,0,0,            book=20,     book:20:0
22, 1,22,22, 0,231,231, 0,0,0,0,          bookR=21,    book:R21:0
22, 1,23,23, 0,210,210, 0,0,0,0,          bookR=20,    book:R20:524288
22, 1,25,25, 0,173,173, 0,0,0,0,          bookR=18,    book:R18:65536
22, 1,28,28, 0,128,128, 0,0,0,0,          bookR=15,    book:R15:4096
22, 1,32,32, 0,86,86, 0,0,0,0,            bookR=11,    book:R11:128
22, 1,108,108, 0,10,10, 0,0,0,0,          book=11,     book:11:128
22, 1,150,150, 0,6,6, 0,0,0,0,            book=15,     book:15:4096
22, 1,195,195, 0,3,3, 0,0,0,0,            book=18,     book:18:65536
22, 1,232,232, 0,1,1, 0,0,0,0,            book=20,     book:20:524288
22, 1,253,253, 0,0,0, 0,0,0,0,            book=21,     book:21:0
23, 1,23,23, 0,253,253, 0,0,0,0,          bookR=22,    book:R22:0
23, 1,24,24, 0,231,231, 0,0,0,0,          bookR=21,    book:R21:1048576
23, 1,26,26, 0,192,192, 0,0,0,0,          bookR=19,    book:R19:131072
23, 1,29,29, 0,144,144, 0,0,0,0,          bookR=16,    book:R16:8192
23, 1,33,33, 0,98,98, 0,0,0,0,            bookR=12,    book:R12:256
23, 1,121,121, 0,10,10, 0,0,0,0,          book=12,     book:12:256
23, 1,167,167, 0,6,6, 0,0,0,0,            book=16,     book:16:8192
23, 1,215,215, 0,3,3, 0,0,0,0,            book=19,     book:19:131072
23, 1,254,254, 0,1,1, 0,0,0,0,            book=21,     book:21:1048576
23, 1,276,276, 0,0,0, 0,0,0,0,            book=22,     book:22:0
24, 1,24,24, 0,276,276, 0,0,0,0,          bookR=23,    book:R23:0
24, 1,25,25, 0,253,253, 0,0,0,0,          bookR=22,    book:R22:2097152
24, 1,27,27, 0,212,212, 0,0,0,0,          bookR=20,    book:R20:262144
24, 1,30,30, 0,161,161, 0,0,0,0,          bookR=17,    book:R17:16384
24, 1,34,34, 0,111,111, 0,0,0,0,          bookR=13,    book:R13:512
24, 1,39,39, 0,76,76, 0,0,0,0,            bookR=8,     book:R8:8
24, 1,41,41, 0,68,68, 0,0,0,0,            bookR=7,     book:R7:68
24, 1,92,92, 0,17,17, 0,0,0,0,            book=7,      book:7:68
24, 1,100,100, 0,15,15, 0,0,0,0,          book=8,      book:8:8
24, 1,135,135, 0,10,10, 0,0,0,0,          book=13,     book:13:512
24, 1,185,185, 0,6,6, 0,0,0,0,            book=17,     book:17:16384
24, 1,236,236, 0,3,3, 0,0,0,0,            book=20,     book:20:262144
24, 1,277,277, 0,1,1, 0,0,0,0,            book=22,     book:22:2097152
25, 1,26,26, 0,276,276, 0,0,0,0,          bookR=23,    book:R23:4194304
25, 1,28,28, 0,233,233, 0,0,0,0,          bookR=21,    book:R21:524288
25, 1,31,31, 0,179,179, 0,0,0,0,          bookR=18,    book:R18:32768
25, 1,35,35, 0,125,125, 0,0,0,0,          bookR=14,    book:R14:1024
25, 1,40,40, 0,85,85, 0,0,0,0,            bookR=9,     book:R9:16
25, 1,42,42, 0,76,76, 0,0,0,0,            bookR=8,     book:R8:136
25, 1,101,101, 0,17,17, 0,0,0,0,          book=8,      book:8:136
25, 1,110,110, 0,15,15, 0,0,0,0,          book=9,      book:9:16
25, 1,150,150, 0,10,10, 0,0,0,0,          book=14,     book:14:1024
25, 1,204,204, 0,6,6, 0,0,0,0,            book=18,     book:18:32768
25, 1,258,258, 0,3,3, 0,0,0,0,            book=21,     book:21:524288
26, 1,29,29, 0,255,255, 0,0,0,0,          bookR=22,    book:R22:1048576
26, 1,32,32, 0,198,198, 0,0,0,0,          bookR=19,    book:R19:65536
26, 1,36,36, 0,140,140, 0,0,0,0,          bookR=15,    book:R15:2048
26, 1,41,41, 0,95,95, 0,0,0,0,            bookR=10,    book:R10:32
26, 1,43,43, 0,85,85, 0,0,0,0,            bookR=9,     book:R9:272
26, 1,49,49, 0,64,64, 0,0,0,0,            bookR=6,     book:R6:18
26, 1,59,59, 0,45,45, 0,0,0,0,            bookR=4,     book:R4:11
26, 1,71,71, 0,33,33, 0,0,0,0,            book=4,      book:4:11
26, 1,90,90, 0,23,23, 0,0,0,0,            book=6,      book:6:18
26, 1,111,111, 0,17,17, 0,0,0,0,          book=9,      book:9:272
26, 1,121,121, 0,15,15, 0,0,0,0,          book=10,     book:10:32
26, 1,166,166, 0,10,10, 0,0,0,0,          book=15,     book:15:2048
26, 1,224,224, 0,6,6, 0,0,0,0,            book=19,     book:19:65536
26, 1,281,281, 0,3,3, 0,0,0,0,            book=22,     book:22:1048576
27, 1,30,30, 0,278,278, 0,0,0,0,          bookR=23,    book:R23:2097152
27, 1,33,33, 0,218,218, 0,0,0,0,          bookR=20,    book:R20:131072
27, 1,37,37, 0,156,156, 0,0,0,0,          bookR=16,    book:R16:4096
27, 1,42,42, 0,106,106, 0,0,0,0,          bookR=11,    book:R11:64
27, 1,50,50, 0,71,71, 0,0,0,0,            bookR=7,     book:R7:36
27, 1,60,60, 0,50,50, 0,0,0,0,            bookR=5,     book:R5:22
27, 1,77,77, 0,33,33, 0,0,0,0,            book=5,      book:5:22
27, 1,98,98, 0,23,23, 0,0,0,0,            book=7,      book:7:36
27, 1,133,133, 0,15,15, 0,0,0,0,          book=11,     book:11:64
27, 1,183,183, 0,10,10, 0,0,0,0,          book=16,     book:16:4096
27, 1,245,245, 0,6,6, 0,0,0,0,            book=20,     book:20:131072
28, 1,34,34, 0,239,239, 0,0,0,0,          bookR=21,    book:R21:262144
28, 1,38,38, 0,173,173, 0,0,0,0,          bookR=17,    book:R17:8192
28, 1,43,43, 0,118,118, 0,0,0,0,          bookR=12,    book:R12:128
28, 1,51,51, 0,79,79, 0,0,0,0,            bookR=8,     book:R8:72
28, 1,107,107, 0,23,23, 0,0,0,0,          book=8,      book:8:72
28, 1,146,146, 0,15,15, 0,0,0,0,          book=12,     book:12:128
28, 1,201,201, 0,10,10, 0,0,0,0,          book=17,     book:17:8192
28, 1,267,267, 0,6,6, 0,0,0,0,            book=21,     book:21:262144
29, 1,35,35, 0,261,261, 0,0,0,0,          bookR=22,    book:R22:524288
29, 1,39,39, 0,191,191, 0,0,0,0,          bookR=18,    book:R18:16384
29, 1,44,44, 0,131,131, 0,0,0,0,          bookR=13,    book:R13:256
29, 1,160,160, 0,15,15, 0,0,0,0,          book=13,     book:13:256
29, 1,220,220, 0,10,10, 0,0,0,0,          book=18,     book:18:16384
29, 1,290,290, 0,6,6, 0,0,0,0,            book=22,     book:22:524288
30, 1,36,36, 0,284,284, 0,0,0,0,          bookR=23,    book:R23:1048576
30, 1,40,40, 0,210,210, 0,0,0,0,          bookR=19,    book:R19:32768
30, 1,45,45, 0,145,145, 0,0,0,0,          bookR=14,    book:R14:512
30, 1,75,75, 0,49,49, 0,0,0,0,            bookR=4,     book:R4:7
30, 1,79,79, 0,45,45, 0,0,0,0,            book=4,      book:4:7
30, 1,175,175, 0,15,15, 0,0,0,0,          book=14,     book:14:512
30, 1,240,240, 0,10,10, 0,0,0,0,          book=19,     book:19:32768
31, 1,41,41, 0,230,230, 0,0,0,0,          bookR=20,    book:R20:65536
31, 1,46,46, 0,160,160, 0,0,0,0,          bookR=15,    book:R15:1024
31, 1,76,76, 0,54,54, 0,0,0,0,            bookR=5,     book:R5:14
31, 1,80,80, 0,49,49, 0,0,0,0,            book=4,      book:4:15
31, 1,85,85, 0,45,45, 0,0,0,0,            book=5,      book:5:14
31, 1,191,191, 0,15,15, 0,0,0,0,          book=15,     book:15:1024
31, 1,261,261, 0,10,10, 0,0,0,0,          book=20,     book:20:65536
32, 1,42,42, 0,251,251, 0,0,0,0,          bookR=21,    book:R21:131072
32, 1,47,47, 0,176,176, 0,0,0,0,          bookR=16,    book:R16:2048
32, 1,53,53, 0,125,125, 0,0,0,0,          bookR=10,    book:R10:16
32, 1,55,55, 0,115,115, 0,0,0,0,          bookR=9,     book:R9:264
32, 1,67,67, 0,76,76, 0,0,0,0,            bookR=6,     book:R6:10
32, 1,70,70, 0,70,70, 0,0,0,0,            bookR=5,     book:R5:21
32, 1,81,81, 0,54,54, 0,0,0,0,            bookR=5,     book:R5:30
32, 1,86,86, 0,49,49, 0,0,0,0,            book=5,      book:5:30
32, 1,102,102, 0,38,38, 0,0,0,0,          book=5,      book:5:21
32, 1,108,108, 0,35,35, 0,0,0,0,          book=6,      book:6:10
32, 1,147,147, 0,23,23, 0,0,0,0,          book=9,      book:9:264
32, 1,157,157, 0,21,21, 0,0,0,0,          book=10,     book:10:16
32, 1,208,208, 0,15,15, 0,0,0,0,          book=16,     book:16:2048
32, 1,283,283, 0,10,10, 0,0,0,0,          book=21,     book:21:131072
33, 1,43,43, 0,273,273, 0,0,0,0,          bookR=22,    book:R22:262144
33, 1,48,48, 0,193,193, 0,0,0,0,          bookR=17,    book:R17:4096
33, 1,54,54, 0,136,136, 0,0,0,0,          bookR=11,    book:R11:32
33, 1,56,56, 0,125,125, 0,0,0,0,          bookR=10,    book:R10:528
33, 1,68,68, 0,83,83, 0,0,0,0,            bookR=7,     book:R7:20
33, 1,71,71, 0,76,76, 0,0,0,0,            bookR=6,     book:R6:42
33, 1,109,109, 0,38,38, 0,0,0,0,          book=6,      book:6:42
33, 1,116,116, 0,35,35, 0,0,0,0,          book=7,      book:7:20
33, 1,158,158, 0,23,23, 0,0,0,0,          book=10,     book:10:528
33, 1,169,169, 0,21,21, 0,0,0,0,          book=11,     book:11:32
33, 1,226,226, 0,15,15, 0,0,0,0,          book=17,     book:17:4096
34, 1,44,44, 0,296,296, 0,0,0,0,          bookR=23,    book:R23:524288
34, 1,49,49, 0,211,211, 0,0,0,0,          bookR=18,    book:R18:8192
34, 1,55,55, 0,148,148, 0,0,0,0,          bookR=12,    book:R12:64
34, 1,57,57, 0,136,136, 0,0,0,0,          bookR=11,    book:R11:1056
34, 1,63,63, 0,109,109, 0,0,0,0,          bookR=8,     book:R8:68
34, 1,72,72, 0,83,83, 0,0,0,0,            bookR=7,     book:R7:84
34, 1,117,117, 0,38,38, 0,0,0,0,          book=7,      book:7:84
34, 1,143,143, 0,29,29, 0,0,0,0,          book=8,      book:8:68
34, 1,170,170, 0,23,23, 0,0,0,0,          book=11,     book:11:1056
34, 1,182,182, 0,21,21, 0,0,0,0,          book=12,     book:12:64
34, 1,245,245, 0,15,15, 0,0,0,0,          book=18,     book:18:8192
35, 1,50,50, 0,230,230, 0,0,0,0,          bookR=19,    book:R19:16384
35, 1,56,56, 0,161,161, 0,0,0,0,          bookR=13,    book:R13:128
35, 1,64,64, 0,118,118, 0,0,0,0,          bookR=9,     book:R9:136
35, 1,153,153, 0,29,29, 0,0,0,0,          book=9,      book:9:136
35, 1,196,196, 0,21,21, 0,0,0,0,          book=13,     book:13:128
35, 1,265,265, 0,15,15, 0,0,0,0,          book=19,     book:19:16384
36, 1,51,51, 0,250,250, 0,0,0,0,          bookR=20,    book:R20:32768
36, 1,57,57, 0,175,175, 0,0,0,0,          bookR=14,    book:R14:256
36, 1,65,65, 0,128,128, 0,0,0,0,          bookR=10,    book:R10:272
36, 1,86,86, 0,74,74, 0,0,0,0,            bookR=5,     book:R5:13
36, 1,110,110, 0,50,50, 0,0,0,0,          book=5,      book:5:13
36, 1,164,164, 0,29,29, 0,0,0,0,          book=10,     book:10:272
36, 1,211,211, 0,21,21, 0,0,0,0,          book=14,     book:14:256
36, 1,286,286, 0,15,15, 0,0,0,0,          book=20,     book:20:32768
37, 1,52,52, 0,271,271, 0,0,0,0,          bookR=21,    book:R21:65536
37, 1,58,58, 0,190,190, 0,0,0,0,          bookR=15,    book:R15:512
37, 1,87,87, 0,80,80, 0,0,0,0,            bookR=6,     book:R6:26
37, 1,91,91, 0,74,74, 0,0,0,0,            bookR=5,     book:R5:29
37, 1,111,111, 0,54,54, 0,0,0,0,          book=5,      book:5:29
37, 1,117,117, 0,50,50, 0,0,0,0,          book=6,      book:6:26
37, 1,227,227, 0,21,21, 0,0,0,0,          book=15,     book:15:512
38, 1,53,53, 0,293,293, 0,0,0,0,          bookR=22,    book:R22:131072
38, 1,59,59, 0,206,206, 0,0,0,0,          bookR=16,    book:R16:1024
38, 1,244,244, 0,21,21, 0,0,0,0,          book=16,     book:16:1024
39, 1,60,60, 0,223,223, 0,0,0,0,          bookR=17,    book:R17:2048
39, 1,80,80, 0,113,113, 0,0,0,0,          bookR=7,     book:R7:18
39, 1,152,152, 0,41,41, 0,0,0,0,          book=7,      book:7:18
39, 1,262,262, 0,21,21, 0,0,0,0,          book=17,     book:17:2048
40, 1,61,61, 0,241,241, 0,0,0,0,          bookR=18,    book:R18:4096
40, 1,81,81, 0,121,121, 0,0,0,0,          bookR=8,     book:R8:36
40, 1,84,84, 0,113,113, 0,0,0,0,          bookR=7,     book:R7:82
40, 1,153,153, 0,44,44, 0,0,0,0,          book=7,      book:7:82
40, 1,161,161, 0,41,41, 0,0,0,0,          book=8,      book:8:36
40, 1,281,281, 0,21,21, 0,0,0,0,          book=18,     book:18:4096
41, 1,62,62, 0,260,260, 0,0,0,0,          bookR=19,    book:R19:8192
41, 1,69,69, 0,190,190, 0,0,0,0,          bookR=12,    book:R12:32
41, 1,71,71, 0,178,178, 0,0,0,0,          bookR=11,    book:R11:1040
41, 1,82,82, 0,130,130, 0,0,0,0,          bookR=9,     book:R9:72
41, 1,85,85, 0,121,121, 0,0,0,0,          bookR=8,     book:R8:164
41, 1,162,162, 0,44,44, 0,0,0,0,          book=8,      book:8:164
41, 1,171,171, 0,41,41, 0,0,0,0,          book=9,      book:9:72
41, 1,219,219, 0,30,30, 0,0,0,0,          book=11,     book:11:1040
41, 1,231,231, 0,28,28, 0,0,0,0,          book=12,     book:12:32
42, 1,63,63, 0,280,280, 0,0,0,0,          bookR=20,    book:R20:16384
42, 1,70,70, 0,203,203, 0,0,0,0,          bookR=13,    book:R13:64
42, 1,72,72, 0,190,190, 0,0,0,0,          bookR=12,    book:R12:2080
42, 1,232,232, 0,30,30, 0,0,0,0,          book=12,     book:12:2080
42, 1,245,245, 0,28,28, 0,0,0,0,          book=13,     book:13:64
43, 1,71,71, 0,217,217, 0,0,0,0,          bookR=14,    book:R14:128
43, 1,73,73, 0,203,203, 0,0,0,0,          bookR=13,    book:R13:4160
43, 1,79,79, 0,170,170, 0,0,0,0,          bookR=10,    book:R10:264
43, 1,213,213, 0,36,36, 0,0,0,0,          book=10,     book:10:264
43, 1,246,246, 0,30,30, 0,0,0,0,          book=13,     book:13:4160
43, 1,260,260, 0,28,28, 0,0,0,0,          book=14,     book:14:128
44, 1,72,72, 0,232,232, 0,0,0,0,          bookR=15,    book:R15:256
44, 1,80,80, 0,181,181, 0,0,0,0,          bookR=11,    book:R11:528
44, 1,225,225, 0,36,36, 0,0,0,0,          book=11,     book:11:528
44, 1,276,276, 0,28,28, 0,0,0,0,          book=15,     book:15:256
45, 1,73,73, 0,248,248, 0,0,0,0,          bookR=16,    book:R16:512
45, 1,81,81, 0,193,193, 0,0,0,0,          bookR=12,    book:R12:1056
45, 1,238,238, 0,36,36, 0,0,0,0,          book=12,     book:12:1056
45, 1,293,293, 0,28,28, 0,0,0,0,          book=16,     book:16:512
46, 1,74,74, 0,265,265, 0,0,0,0,          bookR=17,    book:R17:1024
47, 1,75,75, 0,283,283, 0,0,0,0,          bookR=18,    book:R18:2048
47, 1,117,117, 0,110,110, 0,0,0,0,        bookR=6,     book:R6:22
47, 1,121,121, 0,104,104, 0,0,0,0,        bookR=5,     book:R5:27
47, 1,151,151, 0,74,74, 0,0,0,0,          book=5,      book:5:27
47, 1,157,157, 0,70,70, 0,0,0,0,          book=6,      book:6:22
48, 1,96,96, 0,172,172, 0,0,0,0,          bookR=9,     book:R9:68
48, 1,122,122, 0,110,110, 0,0,0,0,        bookR=6,     book:R6:54
48, 1,158,158, 0,74,74, 0,0,0,0,          book=6,      book:6:54
48, 1,220,220, 0,48,48, 0,0,0,0,          book=9,      book:9:68
49, 1,97,97, 0,182,182, 0,0,0,0,          bookR=10,    book:R10:136
49, 1,231,231, 0,48,48, 0,0,0,0,          book=10,     book:10:136
50, 1,98,98, 0,193,193, 0,0,0,0,          bookR=11,    book:R11:272
50, 1,114,114, 0,143,143, 0,0,0,0,        bookR=7,     book:R7:74
50, 1,193,193, 0,64,64, 0,0,0,0,          book=7,      book:7:74
50, 1,243,243, 0,48,48, 0,0,0,0,          book=11,     book:11:272
51, 1,87,87, 0,273,273, 0,0,0,0,          bookR=14,    book:R14:64
51, 1,89,89, 0,259,259, 0,0,0,0,          bookR=13,    book:R13:4128
51, 1,115,115, 0,151,151, 0,0,0,0,        bookR=8,     book:R8:148
51, 1,202,202, 0,64,64, 0,0,0,0,          book=8,      book:8:148
52, 1,88,88, 0,288,288, 0,0,0,0,          bookR=15,    book:R15:128
52, 1,90,90, 0,273,273, 0,0,0,0,          bookR=14,    book:R14:8256
53, 1,91,91, 0,288,288, 0,0,0,0,          bookR=15,    book:R15:16512
53, 1,97,97, 0,249,249, 0,0,0,0,          bookR=12,    book:R12:1040
53, 1,129,129, 0,140,140, 0,0,0,0,        bookR=6,     book:R6:21
53, 1,193,193, 0,76,76, 0,0,0,0,          book=6,      book:6:21
54, 1,98,98, 0,262,262, 0,0,0,0,          bookR=13,    book:R13:2080
54, 1,130,130, 0,147,147, 0,0,0,0,        bookR=7,     book:R7:42
54, 1,134,134, 0,140,140, 0,0,0,0,        bookR=6,     book:R6:53
54, 1,194,194, 0,80,80, 0,0,0,0,          book=6,      book:6:53
54, 1,201,201, 0,76,76, 0,0,0,0,          book=7,      book:7:42
55, 1,99,99, 0,276,276, 0,0,0,0,          bookR=14,    book:R14:4160
55, 1,131,131, 0,155,155, 0,0,0,0,        bookR=8,     book:R8:84
55, 1,135,135, 0,147,147, 0,0,0,0,        bookR=7,     book:R7:106
55, 1,202,202, 0,80,80, 0,0,0,0,          book=7,      book:7:106
55, 1,210,210, 0,76,76, 0,0,0,0,          book=8,      book:8:84
57, 1,161,161, 0,124,124, 0,0,0,0,        bookR=5,     book:R5:23
57, 1,181,181, 0,104,104, 0,0,0,0,        book=5,      book:5:23
58, 1,114,114, 0,249,249, 0,0,0,0,        bookR=11,    book:R11:264
58, 1,126,126, 0,202,202, 0,0,0,0,        bookR=9,     book:R9:36
58, 1,129,129, 0,193,193, 0,0,0,0,        bookR=8,     book:R8:146
58, 1,162,162, 0,130,130, 0,0,0,0,        bookR=6,     book:R6:46
58, 1,188,188, 0,104,104, 0,0,0,0,        book=6,      book:6:46
58, 1,251,251, 0,71,71, 0,0,0,0,          book=8,      book:8:146
58, 1,260,260, 0,68,68, 0,0,0,0,          book=9,      book:9:36
59, 1,115,115, 0,261,261, 0,0,0,0,        bookR=12,    book:R12:528
59, 1,127,127, 0,212,212, 0,0,0,0,        bookR=10,    book:R10:72
59, 1,130,130, 0,202,202, 0,0,0,0,        bookR=9,     book:R9:292
59, 1,261,261, 0,71,71, 0,0,0,0,          book=9,      book:9:292
59, 1,271,271, 0,68,68, 0,0,0,0,          book=10,     book:10:72
60, 1,116,116, 0,274,274, 0,0,0,0,        bookR=13,    book:R13:1056
60, 1,131,131, 0,212,212, 0,0,0,0,        bookR=10,    book:R10:584
60, 1,272,272, 0,71,71, 0,0,0,0,          book=10,     book:10:584
62, 1,145,145, 0,197,197, 0,0,0,0,        bookR=8,     book:R8:82
62, 1,186,186, 0,129,129, 0,0,0,0,        bookR=5,     book:R5:15
62, 1,191,191, 0,124,124, 0,0,0,0,        book=5,      book:5:15
62, 1,259,259, 0,83,83, 0,0,0,0,          book=8,      book:8:82
63, 1,146,146, 0,206,206, 0,0,0,0,        bookR=9,     book:R9:164
63, 1,187,187, 0,135,135, 0,0,0,0,        bookR=6,     book:R6:30
63, 1,192,192, 0,129,129, 0,0,0,0,        book=5,      book:5:31
63, 1,198,198, 0,124,124, 0,0,0,0,        book=6,      book:6:30
63, 1,269,269, 0,83,83, 0,0,0,0,          book=9,      book:9:164
64, 1,174,174, 0,160,160, 0,0,0,0,        bookR=6,     book:R6:45
64, 1,193,193, 0,135,135, 0,0,0,0,        bookR=6,     book:R6:62
64, 1,199,199, 0,129,129, 0,0,0,0,        book=6,      book:6:62
64, 1,224,224, 0,110,110, 0,0,0,0,        book=6,      book:6:45
65, 1,175,175, 0,167,167, 0,0,0,0,        bookR=7,     book:R7:90
65, 1,232,232, 0,110,110, 0,0,0,0,        book=7,      book:7:90
67, 1,143,143, 0,268,268, 0,0,0,0,        bookR=10,    book:R10:68
68, 1,144,144, 0,279,279, 0,0,0,0,        bookR=11,    book:R11:136
68, 1,147,147, 0,268,268, 0,0,0,0,        bookR=10,    book:R10:580
69, 1,145,145, 0,291,291, 0,0,0,0,        bookR=12,    book:R12:272
69, 1,148,148, 0,279,279, 0,0,0,0,        bookR=11,    book:R11:1160
69, 1,199,199, 0,165,165, 0,0,0,0,        bookR=6,     book:R6:29
69, 1,234,234, 0,130,130, 0,0,0,0,        book=6,      book:6:29
70, 1,205,205, 0,165,165, 0,0,0,0,        bookR=6,     book:R6:61
70, 1,235,235, 0,135,135, 0,0,0,0,        book=6,      book:6:61
77, 1,190,190, 0,257,257, 0,0,0,0,        bookR=8,     book:R8:74
78, 1,191,191, 0,266,266, 0,0,0,0,        bookR=9,     book:R9:148
80, 1,220,220, 0,227,227, 0,0,0,0,        bookR=7,     book:R7:86
84, 1,244,244, 0,225,225, 0,0,0,0,        bookR=6,     book:R6:27
85, 1,245,245, 0,232,232, 0,0,0,0,        bookR=7,     book:R7:54
85, 1,250,250, 0,225,225, 0,0,0,0,        bookR=6,     book:R6:59
86, 1,251,251, 0,232,232, 0,0,0,0,        bookR=7,     book:R7:118
87, 1,230,230, 0,277,277, 0,0,0,0,        bookR=8,     book:R8:42
87, 1,234,234, 0,269,269, 0,0,0,0,        bookR=7,     book:R7:85
88, 1,231,231, 0,286,286, 0,0,0,0,        bookR=9,     book:R9:84
88, 1,235,235, 0,277,277, 0,0,0,0,        bookR=8,     book:R8:170
89, 1,236,236, 0,286,286, 0,0,0,0,        bookR=9,     book:R9:340
92, 1,259,259, 0,274,274, 0,0,0,0,        bookR=7,     book:R7:53
93, 1,260,260, 0,282,282, 0,0,0,0,        bookR=8,     book:R8:106
