c Maximal rule for r=a:bc;s=b:adr; a,s,c,d
C name=45.vlp, cols=42, rows=213, objs=22
C vertices=587, facets=180788
[0,0,0,0,0,0,0,0,0,0,1] <= [0,0,1,0,1,0,0,0,0,0,1]
[0,0,0,0,0,0,0,0,0,0,1] <= [0,1,1,0,1,0,0,0,0,0,0]
[0,0,0,0,0,0,0,0,0,0,1] <= [0,1,1,1,0,0,0,0,1,0,1]
[0,0,0,0,0,0,0,0,0,0,1] <= [0,1,1,1,0,0,1,0,0,0,1]
[0,0,0,0,0,0,0,0,0,0,1] <= [0,1,1,1,0,1,0,0,0,0,1]
[0,0,0,0,0,0,0,0,0,0,1] <= [0,2,1,1,0,0,1,0,0,0,0]
[0,0,0,0,0,0,0,0,0,0,1] <= [0,2,1,1,0,1,0,0,0,0,0]
[0,0,0,0,0,0,0,0,0,1,0] <= [0,0,1,1,1,0,0,0,0,1,0]
[0,0,0,0,0,0,0,0,0,1,0] <= [0,0,3,0,1,1,1,0,0,1,0]
[0,0,0,0,0,0,0,0,0,1,0] <= [0,1,1,0,0,1,0,0,1,0,0]
[0,0,0,0,0,0,0,0,0,1,0] <= [0,1,1,1,0,0,0,0,1,1,0]
[0,0,0,0,0,0,0,0,0,1,0] <= [0,1,1,1,0,0,1,0,0,1,0]
[0,0,0,0,0,0,0,0,0,1,0] <= [0,1,1,2,0,1,0,0,0,1,0]
[0,0,0,0,0,0,0,0,0,1,0] <= [0,1,2,1,0,0,0,0,1,0,0]
[0,0,0,0,0,0,0,0,0,1,1] <= [0,0,0,1,0,0,0,0,0,1,1]
[0,0,0,0,0,0,0,0,0,1,1] <= [0,0,3,0,1,1,1,0,0,1,1]
[0,0,0,0,0,0,0,0,0,1,1] <= [0,1,1,0,1,0,0,1,0,0,0]
[0,0,0,0,0,0,0,0,0,1,1] <= [0,1,1,1,0,1,0,0,1,0,1]
[0,0,0,0,0,0,0,0,0,1,1] <= [0,1,1,1,1,0,0,0,0,1,0]
[0,0,0,0,0,0,0,0,0,1,1] <= [0,1,2,1,0,0,0,0,1,0,1]
[0,0,0,0,0,0,0,0,0,1,1] <= [0,1,2,1,1,0,0,0,1,0,0]
[0,0,0,0,0,0,0,0,0,1,1] <= [0,1,5,0,2,1,1,0,1,0,0]
[0,0,0,0,0,0,0,0,0,1,1] <= [0,2,1,1,0,0,1,0,0,1,0]
[0,0,0,0,0,0,0,0,0,1,1] <= [0,2,1,1,0,0,1,1,0,0,0]
[0,0,0,0,0,0,0,0,0,1,1] <= [0,2,1,1,0,1,0,0,1,0,0]
[0,0,0,0,0,0,0,0,0,1,1] <= [0,2,1,1,0,1,0,1,0,0,0]
[0,0,0,0,0,0,0,0,0,1,1] <= [0,2,1,2,0,1,0,0,0,1,0]
[0,0,0,0,0,0,0,0,0,1,1] <= [0,2,4,0,1,1,2,0,0,1,0]
[0,0,0,0,0,0,0,0,0,1,1] <= [1,1,1,1,0,0,0,0,0,0,0]
[0,0,0,0,0,0,0,0,0,1,1] <= [1,1,4,0,1,1,1,0,0,0,0]
[0,0,0,0,0,0,0,0,0,1,2] <= [0,1,2,1,1,0,0,0,1,0,2]
[0,0,0,0,0,0,0,0,0,1,2] <= [0,2,2,1,1,0,0,0,1,0,1]
[0,0,0,0,0,0,0,0,0,1,2] <= [0,2,2,2,0,1,0,0,1,0,2]
[0,0,0,0,0,0,0,0,0,1,2] <= [0,3,2,2,0,1,0,0,1,0,1]
[0,0,0,0,0,0,0,0,0,2,0] <= [0,1,2,2,1,0,0,0,1,1,0]
[0,0,0,0,0,0,0,0,0,2,0] <= [0,2,2,3,0,1,0,0,1,1,0]
[0,0,0,0,0,0,0,0,0,2,1] <= [0,2,2,2,1,0,0,0,1,1,0]
[0,0,0,0,0,0,0,0,0,2,1] <= [0,3,2,3,0,1,0,0,1,1,0]
[0,0,0,0,0,0,0,0,1,0,0] <= [0,0,0,0,0,0,0,0,1,0,0]
[0,0,0,0,0,0,0,1,0,0,0] <= [0,0,0,0,0,0,0,1,0,0,0]
[0,0,0,0,0,0,1,0,0,0,0] <= [0,0,0,0,0,0,1,0,0,0,0]
[0,0,0,0,0,1,0,0,0,0,0] <= [0,0,0,0,0,1,0,0,0,0,0]
[0,0,0,0,1,0,0,0,0,0,0] <= [0,0,0,0,1,0,0,0,0,0,0]
[0,0,0,1,0,0,0,0,0,0,0] <= [0,0,2,1,0,0,1,0,0,0,0]
[0,0,0,1,0,0,0,0,0,0,0] <= [0,1,1,1,0,0,0,0,1,0,0]
[0,0,0,1,0,0,0,0,0,0,0] <= [0,1,1,1,0,0,1,0,0,0,0]
[0,0,0,1,0,0,0,0,0,0,0] <= [0,2,0,1,0,0,0,0,1,0,0]
[0,0,0,1,0,0,0,0,0,0,1] <= [0,2,2,2,0,0,2,0,0,0,0]
[0,0,0,1,0,0,0,0,0,0,1] <= [0,3,1,2,0,0,1,0,1,0,0]
[0,0,0,1,0,0,0,0,0,1,0] <= [0,0,5,1,2,1,1,0,0,1,0]
[0,0,0,1,0,0,0,0,0,1,0] <= [0,1,1,1,0,1,0,0,1,0,0]
[0,0,0,1,0,0,0,0,0,1,0] <= [0,1,3,2,0,0,1,0,1,0,0]
[0,0,0,1,0,0,0,0,0,1,0] <= [0,2,2,2,0,0,0,0,2,0,0]
[0,0,0,1,0,0,0,0,0,1,1] <= [0,0,1,2,0,0,1,0,0,1,1]
[0,0,0,1,0,0,0,0,0,1,1] <= [0,0,3,1,1,1,1,0,0,1,1]
[0,0,0,1,0,0,0,0,0,1,1] <= [0,1,0,2,0,0,0,0,1,1,1]
[0,0,0,1,0,0,0,0,0,1,1] <= [0,1,2,1,1,0,1,1,0,0,0]
[0,0,0,1,0,0,0,0,0,1,1] <= [0,1,2,2,0,1,1,0,1,0,1]
[0,0,0,1,0,0,0,0,0,1,1] <= [0,1,2,2,1,0,1,0,0,1,0]
[0,0,0,1,0,0,0,0,0,1,1] <= [0,1,3,2,0,0,1,0,1,0,1]
[0,0,0,1,0,0,0,0,0,1,1] <= [0,1,3,2,1,0,1,0,1,0,0]
[0,0,0,1,0,0,0,0,0,1,1] <= [0,1,4,0,2,1,1,1,0,0,0]
[0,0,0,1,0,0,0,0,0,1,1] <= [0,1,4,1,2,1,1,0,0,1,0]
[0,0,0,1,0,0,0,0,0,1,1] <= [0,1,5,1,2,1,1,0,1,0,0]
[0,0,0,1,0,0,0,0,0,1,1] <= [0,2,1,1,1,0,0,1,1,0,0]
[0,0,0,1,0,0,0,0,0,1,1] <= [0,2,1,2,0,1,0,0,2,0,1]
[0,0,0,1,0,0,0,0,0,1,1] <= [0,2,1,2,1,0,0,0,1,1,0]
[0,0,0,1,0,0,0,0,0,1,1] <= [0,2,2,2,0,0,0,0,2,0,1]
[0,0,0,1,0,0,0,0,0,1,1] <= [0,2,2,2,0,0,2,0,0,1,0]
[0,0,0,1,0,0,0,0,0,1,1] <= [0,2,2,2,0,0,2,1,0,0,0]
[0,0,0,1,0,0,0,0,0,1,1] <= [0,2,2,2,0,1,1,0,1,0,0]
[0,0,0,1,0,0,0,0,0,1,1] <= [0,2,2,2,0,1,1,1,0,0,0]
[0,0,0,1,0,0,0,0,0,1,1] <= [0,2,2,2,1,0,0,0,2,0,0]
[0,0,0,1,0,0,0,0,0,1,1] <= [0,2,2,3,0,1,1,0,0,1,0]
[0,0,0,1,0,0,0,0,0,1,1] <= [0,2,4,1,1,1,2,0,0,1,0]
[0,0,0,1,0,0,0,0,0,1,1] <= [0,3,1,2,0,0,1,0,1,1,0]
[0,0,0,1,0,0,0,0,0,1,1] <= [0,3,1,2,0,0,1,1,1,0,0]
[0,0,0,1,0,0,0,0,0,1,1] <= [0,3,1,2,0,1,0,0,2,0,0]
[0,0,0,1,0,0,0,0,0,1,1] <= [0,3,1,2,0,1,0,1,1,0,0]
[0,0,0,1,0,0,0,0,0,1,1] <= [0,3,1,3,0,1,0,0,1,1,0]
[0,0,0,1,0,0,0,0,0,1,1] <= [1,1,2,2,0,0,1,0,0,0,0]
[0,0,0,1,0,0,0,0,0,1,1] <= [1,1,4,1,1,1,1,0,0,0,0]
[0,0,0,1,0,0,0,0,0,1,1] <= [1,2,1,2,0,0,0,0,1,0,0]
[0,0,0,1,0,0,0,0,0,1,2] <= [0,1,3,2,1,0,1,0,1,0,2]
[0,0,0,1,0,0,0,0,0,1,2] <= [0,2,2,2,1,0,0,0,2,0,2]
[0,0,0,1,0,0,0,0,0,1,2] <= [0,2,3,2,1,0,1,0,1,0,1]
[0,0,0,1,0,0,0,0,0,1,2] <= [0,2,3,3,0,1,1,0,1,0,2]
[0,0,0,1,0,0,0,0,0,1,2] <= [0,3,2,2,1,0,0,0,2,0,1]
[0,0,0,1,0,0,0,0,0,1,2] <= [0,3,2,3,0,1,0,0,2,0,2]
[0,0,0,1,0,0,0,0,0,1,2] <= [0,3,3,3,0,1,1,0,1,0,1]
[0,0,0,1,0,0,0,0,0,1,2] <= [0,4,2,3,0,1,0,0,2,0,1]
[0,0,0,1,0,0,0,0,0,2,1] <= [0,2,3,3,1,0,1,0,1,1,0]
[0,0,0,1,0,0,0,0,0,2,1] <= [0,3,2,3,1,0,0,0,2,1,0]
[0,0,0,1,0,0,0,0,0,2,1] <= [0,4,2,4,0,1,0,0,2,1,0]
[0,0,1,0,0,0,0,0,0,0,0] <= [0,0,2,1,0,0,1,0,0,0,0]
[0,0,1,0,0,0,0,0,0,0,0] <= [0,0,4,0,1,1,1,0,0,0,0]
[0,0,1,0,0,0,0,0,0,0,0] <= [0,1,1,1,0,0,0,0,1,0,0]
[0,0,1,0,0,0,0,0,0,1,0] <= [0,1,2,1,0,1,0,0,1,0,0]
[0,1,0,0,0,0,0,0,0,0,0] <= [0,1,1,1,0,0,1,0,0,0,0]
[0,1,0,0,0,0,0,0,0,0,0] <= [0,1,3,0,1,1,1,0,0,0,0]
[0,1,0,0,0,0,0,0,0,0,0] <= [0,2,0,1,0,0,0,0,1,0,0]
[0,1,0,0,0,0,0,0,0,1,0] <= [0,2,1,1,0,1,0,0,1,0,0]
[1,0,0,0,0,0,0,0,0,0,0] <= [0,0,0,1,0,0,0,0,1,1,1]
[1,0,0,0,0,0,0,0,0,0,0] <= [0,0,0,1,0,0,1,0,0,1,1]
[1,0,0,0,0,0,0,0,0,0,0] <= [0,0,1,0,1,1,0,0,1,0,1]
[1,0,0,0,0,0,0,0,0,0,0] <= [0,0,1,1,0,1,1,0,1,0,1]
[1,0,0,0,0,0,0,0,0,0,0] <= [0,0,1,2,1,0,1,0,0,1,0]
[1,0,0,0,0,0,0,0,0,0,0] <= [0,0,1,2,1,0,1,1,0,0,0]
[1,0,0,0,0,0,0,0,0,0,0] <= [0,0,2,1,0,0,1,0,1,0,1]
[1,0,0,0,0,0,0,0,0,0,0] <= [0,0,2,1,1,0,1,0,1,0,0]
[1,0,0,0,0,0,0,0,0,0,0] <= [0,0,2,1,1,0,1,1,0,0,0]
[1,0,0,0,0,0,0,0,0,0,0] <= [0,0,3,0,1,1,2,0,0,1,1]
[1,0,0,0,0,0,0,0,0,0,0] <= [0,0,3,1,2,1,1,0,0,1,0]
[1,0,0,0,0,0,0,0,0,0,0] <= [0,0,4,0,2,1,1,0,1,0,0]
[1,0,0,0,0,0,0,0,0,0,0] <= [0,0,4,0,2,1,1,1,0,0,0]
[1,0,0,0,0,0,0,0,0,0,0] <= [0,1,0,1,0,1,0,0,2,0,1]
[1,0,0,0,0,0,0,0,0,0,0] <= [0,1,0,2,1,0,0,0,1,1,0]
[1,0,0,0,0,0,0,0,0,0,0] <= [0,1,0,2,1,0,0,1,1,0,0]
[1,0,0,0,0,0,0,0,0,0,0] <= [0,1,1,0,1,0,0,1,1,0,0]
[1,0,0,0,0,0,0,0,0,0,0] <= [0,1,1,0,1,0,1,1,0,0,0]
[1,0,0,0,0,0,0,0,0,0,0] <= [0,1,1,0,1,1,0,0,1,0,0]
[1,0,0,0,0,0,0,0,0,0,0] <= [0,1,1,1,0,0,0,0,2,0,1]
[1,0,0,0,0,0,0,0,0,0,0] <= [0,1,1,1,0,0,2,0,0,1,0]
[1,0,0,0,0,0,0,0,0,0,0] <= [0,1,1,1,0,0,2,1,0,0,0]
[1,0,0,0,0,0,0,0,0,0,0] <= [0,1,1,1,0,1,1,0,1,0,0]
[1,0,0,0,0,0,0,0,0,0,0] <= [0,1,1,1,0,1,1,1,0,0,0]
[1,0,0,0,0,0,0,0,0,0,0] <= [0,1,1,1,0,2,0,0,1,0,1]
[1,0,0,0,0,0,0,0,0,0,0] <= [0,1,1,1,1,0,0,0,1,1,0]
[1,0,0,0,0,0,0,0,0,0,0] <= [0,1,1,1,1,0,0,0,2,0,0]
[1,0,0,0,0,0,0,0,0,0,0] <= [0,1,1,1,1,0,1,0,0,1,0]
[1,0,0,0,0,0,0,0,0,0,0] <= [0,1,1,2,0,1,1,0,0,1,0]
[1,0,0,0,0,0,0,0,0,0,0] <= [0,1,3,0,1,1,2,0,0,1,0]
[1,0,0,0,0,0,0,0,0,0,0] <= [0,2,0,1,0,0,1,0,1,1,0]
[1,0,0,0,0,0,0,0,0,0,0] <= [0,2,0,1,0,0,1,1,1,0,0]
[1,0,0,0,0,0,0,0,0,0,0] <= [0,2,0,1,0,1,0,0,2,0,0]
[1,0,0,0,0,0,0,0,0,0,0] <= [0,2,0,1,0,1,0,1,1,0,0]
[1,0,0,0,0,0,0,0,0,0,0] <= [0,2,0,1,1,0,0,1,1,0,0]
[1,0,0,0,0,0,0,0,0,0,0] <= [0,2,0,2,0,1,0,0,1,1,0]
[1,0,0,0,0,0,0,0,0,0,0] <= [0,2,1,1,0,2,0,0,1,0,0]
[1,0,0,0,0,0,0,0,0,0,0] <= [0,2,3,2,0,0,2,0,1,0,0]
[1,0,0,0,0,0,0,0,0,0,0] <= [0,3,2,2,0,0,1,0,2,0,0]
[1,0,0,0,0,0,0,0,0,0,0] <= [1,0,1,1,0,0,1,0,0,0,0]
[1,0,0,0,0,0,0,0,0,0,0] <= [1,0,3,0,1,1,1,0,0,0,0]
[1,0,0,0,0,0,0,0,0,0,0] <= [1,1,0,1,0,0,0,0,1,0,0]
[1,0,0,0,0,0,0,0,0,0,1] <= [0,0,1,2,0,0,1,0,1,1,2]
[1,0,0,0,0,0,0,0,0,0,1] <= [0,0,1,2,1,0,1,0,0,1,1]
[1,0,0,0,0,0,0,0,0,0,1] <= [0,0,2,1,1,0,1,0,1,0,2]
[1,0,0,0,0,0,0,0,0,0,1] <= [0,0,3,1,2,1,1,0,0,1,1]
[1,0,0,0,0,0,0,0,0,0,1] <= [0,1,0,2,0,0,1,0,1,1,2]
[1,0,0,0,0,0,0,0,0,0,1] <= [0,1,0,2,0,1,0,0,1,1,2]
[1,0,0,0,0,0,0,0,0,0,1] <= [0,1,0,2,1,0,0,0,1,1,1]
[1,0,0,0,0,0,0,0,0,0,1] <= [0,1,1,1,1,0,0,0,2,0,2]
[1,0,0,0,0,0,0,0,0,0,1] <= [0,1,1,2,0,0,2,0,0,1,1]
[1,0,0,0,0,0,0,0,0,0,1] <= [0,1,1,2,0,1,1,0,0,1,1]
[1,0,0,0,0,0,0,0,0,0,1] <= [0,1,2,1,1,0,1,0,1,0,1]
[1,0,0,0,0,0,0,0,0,0,1] <= [0,1,2,1,2,0,1,1,0,0,0]
[1,0,0,0,0,0,0,0,0,0,1] <= [0,1,2,2,0,1,1,0,1,0,2]
[1,0,0,0,0,0,0,0,0,0,1] <= [0,1,4,0,3,1,1,1,0,0,0]
[1,0,0,0,0,0,0,0,0,0,1] <= [0,2,0,2,0,0,1,0,1,1,1]
[1,0,0,0,0,0,0,0,0,0,1] <= [0,2,0,2,0,1,0,0,1,1,1]
[1,0,0,0,0,0,0,0,0,0,1] <= [0,2,1,1,1,0,0,0,2,0,1]
[1,0,0,0,0,0,0,0,0,0,1] <= [0,2,1,1,2,0,0,1,1,0,0]
[1,0,0,0,0,0,0,0,0,0,1] <= [0,2,1,2,0,1,0,0,2,0,2]
[1,0,0,0,0,0,0,0,0,0,1] <= [0,2,2,2,0,1,1,0,1,0,1]
[1,0,0,0,0,0,0,0,0,0,1] <= [0,3,1,2,0,1,0,0,2,0,1]
[1,0,0,0,0,0,0,0,0,1,0] <= [0,0,0,1,0,1,0,0,1,1,1]
[1,0,0,0,0,0,0,0,0,1,0] <= [0,0,1,2,0,0,1,0,1,2,1]
[1,0,0,0,0,0,0,0,0,1,0] <= [0,0,2,2,0,0,1,0,1,1,1]
[1,0,0,0,0,0,0,0,0,1,0] <= [0,0,3,0,1,2,1,0,1,1,1]
[1,0,0,0,0,0,0,0,0,1,0] <= [0,1,0,2,0,0,1,0,1,2,1]
[1,0,0,0,0,0,0,0,0,1,0] <= [0,1,1,0,1,1,0,1,1,0,0]
[1,0,0,0,0,0,0,0,0,1,0] <= [0,1,1,1,0,2,0,0,2,0,1]
[1,0,0,0,0,0,0,0,0,1,0] <= [0,1,1,1,1,1,0,0,1,1,0]
[1,0,0,0,0,0,0,0,0,1,0] <= [0,1,1,2,0,0,0,0,2,1,1]
[1,0,0,0,0,0,0,0,0,1,0] <= [0,1,2,1,0,1,0,0,2,0,1]
[1,0,0,0,0,0,0,0,0,1,0] <= [0,1,2,1,1,0,1,1,1,1,0]
[1,0,0,0,0,0,0,0,0,1,0] <= [0,1,2,1,1,0,2,1,0,1,0]
[1,0,0,0,0,0,0,0,0,1,0] <= [0,1,2,1,1,1,0,0,2,0,0]
[1,0,0,0,0,0,0,0,0,1,0] <= [0,1,2,2,1,0,1,0,1,1,0]
[1,0,0,0,0,0,0,0,0,1,0] <= [0,1,3,1,1,0,1,1,1,0,0]
[1,0,0,0,0,0,0,0,0,1,0] <= [0,2,1,1,0,1,1,0,1,1,0]
[1,0,0,0,0,0,0,0,0,1,0] <= [0,2,1,1,0,1,1,1,1,0,0]
[1,0,0,0,0,0,0,0,0,1,0] <= [0,2,1,1,0,2,0,0,2,0,0]
[1,0,0,0,0,0,0,0,0,1,0] <= [0,2,1,1,0,2,0,1,1,0,0]
[1,0,0,0,0,0,0,0,0,1,0] <= [0,2,1,1,1,0,0,1,2,1,0]
[1,0,0,0,0,0,0,0,0,1,0] <= [0,2,1,1,1,0,1,1,1,1,0]
[1,0,0,0,0,0,0,0,0,1,0] <= [0,2,1,2,0,2,0,0,1,1,0]
[1,0,0,0,0,0,0,0,0,1,0] <= [0,2,1,2,1,0,0,0,2,1,0]
[1,0,0,0,0,0,0,0,0,1,0] <= [0,2,2,1,1,0,0,1,2,0,0]
[1,0,0,0,0,0,0,0,0,1,0] <= [0,3,1,3,0,1,0,0,2,1,0]
[1,0,0,0,0,0,0,0,0,1,0] <= [1,1,1,1,0,1,0,0,1,0,0]
[1,0,0,0,0,0,0,0,0,1,1] <= [0,0,1,2,1,0,1,1,0,1,1]
[1,0,0,0,0,0,0,0,0,1,1] <= [0,0,3,1,2,1,1,1,0,1,1]
[1,0,0,0,0,0,0,0,0,1,1] <= [0,1,0,2,1,0,0,1,1,1,1]
[1,0,0,0,0,0,0,0,0,1,1] <= [0,1,2,1,2,0,1,2,0,0,0]
[1,0,0,0,0,0,0,0,0,1,1] <= [0,1,4,0,3,1,1,2,0,0,0]
[1,0,0,0,0,0,0,0,0,1,1] <= [0,2,1,1,2,0,0,2,1,0,0]
[1,0,0,0,0,0,0,0,0,2,0] <= [0,0,2,3,1,0,1,0,1,2,1]
[1,0,0,0,0,0,0,0,0,2,0] <= [0,1,1,3,1,0,0,0,2,2,1]
[1,0,0,0,0,0,0,0,0,2,0] <= [0,1,3,2,2,0,1,1,1,1,0]
[1,0,0,0,0,0,0,0,0,2,0] <= [0,2,2,2,1,1,0,0,2,1,0]
[1,0,0,0,0,0,0,0,0,2,0] <= [0,2,2,2,2,0,0,1,2,1,0]
[1,0,0,0,0,0,0,0,0,2,0] <= [0,3,2,3,0,2,0,0,2,1,0]
[1,0,0,1,0,0,0,0,0,0,0] <= [0,0,1,2,0,0,1,0,1,1,1]
[1,0,0,1,0,0,0,0,0,0,0] <= [0,0,1,2,0,0,2,0,0,1,1]
[1,0,0,1,0,0,0,0,0,0,0] <= [0,0,3,1,1,1,2,0,0,1,1]
[1,0,0,1,0,0,0,0,0,0,0] <= [0,1,0,2,0,0,0,0,2,1,1]
[1,0,0,1,0,0,0,0,0,0,0] <= [0,1,0,2,0,0,1,0,1,1,1]
[1,0,0,1,0,0,0,0,0,0,0] <= [0,1,2,1,1,0,2,1,0,0,0]
[1,0,0,1,0,0,0,0,0,0,0] <= [0,1,2,2,1,0,2,0,0,1,0]
[1,0,0,1,0,0,0,0,0,0,0] <= [0,1,4,0,2,1,1,1,1,0,0]
[1,0,0,1,0,0,0,0,0,0,0] <= [0,1,4,0,2,1,2,1,0,0,0]
[1,0,0,1,0,0,0,0,0,0,0] <= [0,1,4,1,2,1,2,0,0,1,0]
[1,0,0,1,0,0,0,0,0,0,0] <= [0,2,1,1,1,0,0,1,2,0,0]
[1,0,0,1,0,0,0,0,0,0,0] <= [0,2,1,2,1,0,0,0,2,1,0]
[1,0,0,1,0,0,0,0,0,0,0] <= [0,2,3,0,2,1,1,1,1,0,0]
[1,0,0,1,0,0,0,0,0,0,0] <= [0,2,4,3,0,0,3,0,1,0,0]
[1,0,0,1,0,0,0,0,0,0,0] <= [0,4,2,3,0,0,1,0,3,0,0]
[1,0,0,1,0,0,0,0,0,0,1] <= [0,1,2,3,0,0,3,0,0,1,1]
[1,0,0,1,0,0,0,0,0,0,1] <= [0,2,3,2,1,0,3,1,0,0,0]
[1,0,0,1,0,0,0,0,0,0,1] <= [0,2,3,3,1,0,3,0,0,1,0]
[1,0,0,1,0,0,0,0,0,0,1] <= [0,3,0,3,0,0,1,0,2,1,1]
[1,0,0,1,0,0,0,0,0,0,1] <= [0,4,1,2,1,0,1,1,2,0,0]
[1,0,0,1,0,0,0,0,0,0,1] <= [0,4,1,3,1,0,1,0,2,1,0]
[1,0,0,1,0,0,0,0,0,1,0] <= [0,0,1,2,0,1,1,0,1,1,1]
[1,0,0,1,0,0,0,0,0,1,0] <= [0,0,3,1,1,2,1,0,1,1,1]
[1,0,0,1,0,0,0,0,0,1,0] <= [0,0,3,3,0,0,2,0,1,1,1]
[1,0,0,1,0,0,0,0,0,1,0] <= [0,1,0,2,0,1,0,0,2,1,1]
[1,0,0,1,0,0,0,0,0,1,0] <= [0,1,2,1,1,1,1,1,1,0,0]
[1,0,0,1,0,0,0,0,0,1,0] <= [0,1,2,2,1,1,1,0,1,1,0]
[1,0,0,1,0,0,0,0,0,1,0] <= [0,1,4,0,2,2,1,1,1,0,0]
[1,0,0,1,0,0,0,0,0,1,0] <= [0,1,4,1,2,2,1,0,1,1,0]
[1,0,0,1,0,0,0,0,0,1,0] <= [0,1,4,2,1,0,2,1,1,0,0]
[1,0,0,1,0,0,0,0,0,1,0] <= [0,2,1,1,1,1,0,1,2,0,0]
[1,0,0,1,0,0,0,0,0,1,0] <= [0,2,1,2,1,1,0,0,2,1,0]
[1,0,0,1,0,0,0,0,0,1,0] <= [0,2,1,3,0,0,0,0,3,1,1]
[1,0,0,1,0,0,0,0,0,1,0] <= [0,3,2,2,1,0,0,1,3,0,0]
[1,0,0,1,0,0,0,0,0,1,1] <= [0,2,2,1,2,0,1,2,1,0,0]
[1,0,0,1,0,0,0,0,0,1,1] <= [0,2,2,3,2,0,1,0,1,2,0]
[1,0,0,1,0,0,0,0,0,1,2] <= [0,0,1,3,1,0,1,0,1,2,3]
[1,0,0,1,0,0,0,0,0,2,1] <= [0,0,1,4,1,0,1,0,1,3,2]
[1,0,1,0,0,0,0,0,0,0,0] <= [0,0,1,2,0,0,1,0,1,1,1]
[1,0,1,0,0,0,0,0,0,0,0] <= [0,1,2,1,1,0,1,1,1,0,0]
[1,0,1,0,0,0,0,0,0,0,0] <= [0,1,2,2,1,0,1,0,1,1,0]
[1,1,0,0,0,0,0,0,0,0,0] <= [0,1,0,2,0,0,1,0,1,1,1]
[1,1,0,0,0,0,0,0,0,0,0] <= [0,2,1,1,1,0,1,1,1,0,0]
[1,1,0,0,0,0,0,0,0,0,0] <= [0,2,1,2,1,0,1,0,1,1,0]
[10,0,0,0,0,0,0,0,0,0,6] <= [0,2,2,15,4,0,6,0,7,9,13]
[10,0,0,0,0,0,0,0,0,0,6] <= [0,2,2,15,5,0,6,0,6,9,12]
[10,0,0,0,0,0,0,0,0,0,7] <= [0,2,2,16,6,0,6,0,5,10,12]
[10,0,0,2,0,0,0,0,0,0,5] <= [0,3,2,16,3,0,8,0,7,9,12]
[11,0,0,1,0,0,0,0,0,0,5] <= [0,3,2,16,3,1,7,0,8,9,13]
[11,0,0,3,0,0,0,0,0,0,6] <= [0,4,2,19,3,0,10,0,7,11,13]
[12,0,0,0,0,0,0,0,0,0,6] <= [0,3,2,17,4,1,7,0,8,10,14]
[2,0,0,0,0,0,0,0,0,0,0] <= [0,0,0,2,0,1,1,0,2,1,2]
[2,0,0,0,0,0,0,0,0,0,0] <= [0,0,0,3,1,0,1,0,1,2,1]
[2,0,0,0,0,0,0,0,0,0,0] <= [0,0,0,3,1,0,1,1,1,1,1]
[2,0,0,0,0,0,0,0,0,0,0] <= [0,0,1,2,0,0,1,0,2,1,2]
[2,0,0,0,0,0,0,0,0,0,0] <= [0,0,1,2,1,0,1,0,2,1,1]
[2,0,0,0,0,0,0,0,0,0,0] <= [0,0,1,2,1,0,1,1,1,1,1]
[2,0,0,0,0,0,0,0,0,0,0] <= [0,0,1,2,1,0,2,1,0,1,1]
[2,0,0,0,0,0,0,0,0,0,0] <= [0,0,1,2,1,1,1,0,1,1,1]
[2,0,0,0,0,0,0,0,0,0,0] <= [0,0,2,1,1,1,1,0,2,0,2]
[2,0,0,0,0,0,0,0,0,0,0] <= [0,0,3,1,2,1,2,1,0,1,1]
[2,0,0,0,0,0,0,0,0,0,0] <= [0,0,3,1,2,2,1,0,1,1,1]
[2,0,0,0,0,0,0,0,0,0,0] <= [0,1,0,2,0,0,2,0,1,2,1]
[2,0,0,0,0,0,0,0,0,0,0] <= [0,1,0,2,0,0,2,1,1,1,1]
[2,0,0,0,0,0,0,0,0,0,0] <= [0,1,0,2,0,1,1,0,2,1,1]
[2,0,0,0,0,0,0,0,0,0,0] <= [0,1,0,2,0,1,1,1,1,1,1]
[2,0,0,0,0,0,0,0,0,0,0] <= [0,1,0,2,0,2,0,0,2,1,2]
[2,0,0,0,0,0,0,0,0,0,0] <= [0,1,0,2,1,0,0,1,2,1,1]
[2,0,0,0,0,0,0,0,0,0,0] <= [0,1,0,2,1,0,1,1,1,1,1]
[2,0,0,0,0,0,0,0,0,0,0] <= [0,1,0,2,1,1,0,0,2,1,1]
[2,0,0,0,0,0,0,0,0,0,0] <= [0,1,0,3,0,1,1,0,1,2,1]
[2,0,0,0,0,0,0,0,0,0,0] <= [0,1,1,1,1,1,0,0,3,0,2]
[2,0,0,0,0,0,0,0,0,0,0] <= [0,1,1,1,1,1,1,1,2,0,1]
[2,0,0,0,0,0,0,0,0,0,0] <= [0,1,1,2,0,2,1,0,1,1,1]
[2,0,0,0,0,0,0,0,0,0,0] <= [0,1,1,2,2,0,1,1,1,1,0]
[2,0,0,0,0,0,0,0,0,0,0] <= [0,1,1,2,2,0,1,2,1,0,0]
[2,0,0,0,0,0,0,0,0,0,0] <= [0,1,1,3,2,0,1,0,1,2,0]
[2,0,0,0,0,0,0,0,0,0,0] <= [0,1,2,1,1,0,1,1,2,0,1]
[2,0,0,0,0,0,0,0,0,0,0] <= [0,1,2,1,1,1,1,0,2,0,1]
[2,0,0,0,0,0,0,0,0,0,0] <= [0,1,2,1,2,0,1,1,2,0,0]
[2,0,0,0,0,0,0,0,0,0,0] <= [0,1,2,1,2,0,2,2,0,0,0]
[2,0,0,0,0,0,0,0,0,0,0] <= [0,1,2,1,2,1,1,1,1,0,0]
[2,0,0,0,0,0,0,0,0,0,0] <= [0,1,2,2,0,2,1,0,2,0,2]
[2,0,0,0,0,0,0,0,0,0,0] <= [0,1,2,2,2,0,1,0,2,1,0]
[2,0,0,0,0,0,0,0,0,0,0] <= [0,1,4,0,3,1,2,2,0,0,0]
[2,0,0,0,0,0,0,0,0,0,0] <= [0,1,4,0,3,2,1,1,1,0,0]
[2,0,0,0,0,0,0,0,0,0,0] <= [0,2,0,2,0,2,0,0,2,1,1]
[2,0,0,0,0,0,0,0,0,0,0] <= [0,2,1,1,1,0,2,1,1,1,0]
[2,0,0,0,0,0,0,0,0,0,0] <= [0,2,1,1,1,0,2,2,1,0,0]
[2,0,0,0,0,0,0,0,0,0,0] <= [0,2,1,1,1,1,0,0,3,0,1]
[2,0,0,0,0,0,0,0,0,0,0] <= [0,2,1,1,1,1,1,1,2,0,0]
[2,0,0,0,0,0,0,0,0,0,0] <= [0,2,1,1,1,1,1,2,1,0,0]
[2,0,0,0,0,0,0,0,0,0,0] <= [0,2,1,1,2,0,0,2,2,0,0]
[2,0,0,0,0,0,0,0,0,0,0] <= [0,2,1,1,2,1,0,1,2,0,0]
[2,0,0,0,0,0,0,0,0,0,0] <= [0,2,1,2,0,2,0,0,3,0,2]
[2,0,0,0,0,0,0,0,0,0,0] <= [0,2,1,2,1,0,2,0,1,2,0]
[2,0,0,0,0,0,0,0,0,0,0] <= [0,2,1,2,1,1,1,0,2,1,0]
[2,0,0,0,0,0,0,0,0,0,0] <= [0,2,1,3,1,1,1,0,1,2,0]
[2,0,0,0,0,0,0,0,0,0,0] <= [0,2,2,2,0,2,1,0,2,0,1]
[2,0,0,0,0,0,0,0,0,0,0] <= [0,3,1,2,0,2,0,0,3,0,1]
[2,0,0,0,0,0,0,0,0,0,0] <= [1,0,0,2,0,0,1,0,1,1,1]
[2,0,0,0,0,0,0,0,0,0,0] <= [1,1,1,1,1,0,1,1,1,0,0]
[2,0,0,0,0,0,0,0,0,0,0] <= [1,1,1,2,1,0,1,0,1,1,0]
[2,0,0,0,0,0,0,0,0,0,1] <= [0,0,1,2,1,0,1,0,2,1,3]
[2,0,0,0,0,0,0,0,0,0,1] <= [0,1,0,3,0,0,2,0,1,2,2]
[2,0,0,0,0,0,0,0,0,0,1] <= [0,1,0,3,0,1,1,0,1,2,2]
[2,0,0,0,0,0,0,0,0,0,1] <= [0,1,1,2,1,0,1,0,2,1,2]
[2,0,0,0,0,0,0,0,0,0,1] <= [0,1,1,3,0,1,1,0,2,1,3]
[2,0,0,0,0,0,0,0,0,0,1] <= [0,1,2,1,2,0,1,1,2,0,2]
[2,0,0,0,0,0,0,0,0,0,1] <= [0,1,2,3,0,1,2,0,1,1,2]
[2,0,0,0,0,0,0,0,0,0,1] <= [0,2,2,1,2,0,1,1,2,0,1]
[2,0,0,0,0,0,0,0,0,0,1] <= [0,2,2,1,3,0,1,2,1,0,0]
[2,0,0,0,0,0,0,0,0,0,2] <= [0,0,1,3,2,0,1,0,1,2,3]
[2,0,0,0,0,0,0,0,0,1,0] <= [0,0,1,2,1,1,1,1,1,1,1]
[2,0,0,0,0,0,0,0,0,1,0] <= [0,0,1,3,0,0,1,0,2,2,2]
[2,0,0,0,0,0,0,0,0,1,0] <= [0,0,3,1,2,2,1,1,1,1,1]
[2,0,0,0,0,0,0,0,0,1,0] <= [0,0,3,3,1,0,2,1,1,1,1]
[2,0,0,0,0,0,0,0,0,1,0] <= [0,1,0,2,1,1,0,1,2,1,1]
[2,0,0,0,0,0,0,0,0,1,0] <= [0,1,1,2,1,0,1,1,2,2,1]
[2,0,0,0,0,0,0,0,0,1,0] <= [0,1,1,2,1,0,2,1,1,2,1]
[2,0,0,0,0,0,0,0,0,1,0] <= [0,1,1,3,1,0,1,0,2,2,1]
[2,0,0,0,0,0,0,0,0,1,0] <= [0,1,2,1,1,2,0,0,3,0,2]
[2,0,0,0,0,0,0,0,0,1,0] <= [0,1,2,1,2,1,1,2,1,0,0]
[2,0,0,0,0,0,0,0,0,1,0] <= [0,1,4,0,3,2,1,2,1,0,0]
[2,0,0,0,0,0,0,0,0,1,0] <= [0,1,4,2,2,0,2,2,1,0,0]
[2,0,0,0,0,0,0,0,0,1,0] <= [0,2,1,1,2,1,0,2,2,0,0]
[2,0,0,0,0,0,0,0,0,1,0] <= [0,2,1,3,1,0,0,1,3,1,1]
[2,0,0,0,0,0,0,0,0,1,0] <= [0,2,2,1,1,2,0,0,3,0,1]
[2,0,0,0,0,0,0,0,0,1,0] <= [0,2,2,1,2,0,1,2,2,1,0]
[2,0,0,0,0,0,0,0,0,1,0] <= [0,2,2,1,2,0,2,2,1,1,0]
[2,0,0,0,0,0,0,0,0,1,0] <= [0,2,2,2,0,3,0,0,3,0,2]
[2,0,0,0,0,0,0,0,0,1,0] <= [0,2,2,2,2,0,1,1,2,1,0]
[2,0,0,0,0,0,0,0,0,1,0] <= [0,2,2,3,2,0,1,0,2,2,0]
[2,0,0,0,0,0,0,0,0,1,0] <= [0,2,3,1,2,0,1,2,2,0,0]
[2,0,0,0,0,0,0,0,0,1,0] <= [0,3,2,2,0,3,0,0,3,0,1]
[2,0,0,0,0,0,0,0,0,1,0] <= [0,3,2,2,2,0,0,2,3,0,0]
[2,0,0,0,0,0,0,0,0,1,1] <= [0,2,2,1,3,0,1,3,1,0,0]
[2,0,0,0,0,0,0,0,0,1,2] <= [0,0,1,3,2,0,1,1,1,2,3]
[2,0,0,0,0,0,0,0,0,2,0] <= [0,0,1,4,1,0,1,0,2,3,2]
[2,0,0,0,0,0,0,0,0,2,0] <= [0,2,3,2,3,0,1,2,2,1,0]
[2,0,0,0,0,0,0,0,0,2,1] <= [0,0,1,4,2,0,1,1,1,3,2]
[2,0,0,1,0,0,0,0,0,0,0] <= [0,1,4,4,0,0,4,0,1,1,1]
[2,0,0,1,0,0,0,0,0,0,0] <= [0,2,2,1,2,0,1,2,2,0,0]
[2,0,0,1,0,0,0,0,0,0,0] <= [0,2,2,1,2,0,2,2,1,0,0]
[2,0,0,1,0,0,0,0,0,0,0] <= [0,2,2,3,2,0,1,0,2,2,0]
[2,0,0,1,0,0,0,0,0,0,0] <= [0,2,2,3,2,0,2,0,1,2,0]
[2,0,0,1,0,0,0,0,0,0,0] <= [0,3,3,0,3,1,1,2,2,0,0]
[2,0,0,1,0,0,0,0,0,0,0] <= [0,4,1,4,0,0,1,0,4,1,1]
[2,0,0,1,0,0,0,0,0,0,1] <= [0,0,1,3,1,0,1,0,2,2,3]
[2,0,0,1,0,0,0,0,0,0,1] <= [0,0,1,3,1,0,2,0,1,2,3]
[2,0,0,1,0,0,0,0,0,0,1] <= [0,1,1,4,0,0,3,0,1,2,2]
[2,0,0,1,0,0,0,0,0,0,1] <= [0,2,0,4,0,0,2,0,2,2,2]
[2,0,0,1,0,0,0,0,0,0,3] <= [0,3,1,6,2,0,1,0,3,2,5]
[2,0,0,1,0,0,0,0,0,1,0] <= [0,0,1,4,1,0,1,0,2,3,2]
[2,0,0,1,0,0,0,0,0,1,0] <= [0,0,1,4,1,0,2,0,1,3,2]
[2,0,0,1,0,0,0,0,0,1,0] <= [0,0,2,4,0,0,2,0,2,2,2]
[2,0,0,1,0,0,0,0,0,1,0] <= [0,1,1,4,0,0,1,0,3,2,2]
[2,0,0,1,0,0,0,0,0,1,0] <= [0,2,2,1,2,1,1,2,2,0,0]
[2,0,0,1,0,0,0,0,0,1,0] <= [0,2,2,3,2,1,1,0,2,2,0]
[2,0,0,1,0,0,0,0,0,1,1] <= [0,3,4,0,4,1,1,3,2,0,0]
[2,0,0,1,0,0,0,0,0,2,0] <= [0,0,1,4,1,1,1,0,2,3,2]
[2,0,0,2,0,0,0,0,0,2,2] <= [0,1,1,5,1,0,2,1,2,3,3]
[2,0,0,2,0,0,0,0,0,2,2] <= [0,1,1,6,1,0,2,0,2,4,3]
[2,0,0,2,0,0,0,0,0,2,3] <= [0,1,1,6,1,0,2,0,2,4,4]
[2,0,1,0,0,0,0,0,0,0,0] <= [0,2,4,0,3,1,1,2,2,0,0]
[2,1,0,0,0,0,0,0,0,0,0] <= [0,3,3,0,3,1,1,2,2,0,0]
[3,0,0,0,0,0,0,0,0,0,0] <= [0,0,1,2,1,1,1,0,3,1,3]
[3,0,0,0,0,0,0,0,0,0,0] <= [0,1,0,3,0,2,1,0,2,2,2]
[3,0,0,0,0,0,0,0,0,0,0] <= [0,1,1,2,1,1,1,0,3,1,2]
[3,0,0,0,0,0,0,0,0,0,0] <= [0,1,1,3,0,2,1,0,3,1,3]
[3,0,0,0,0,0,0,0,0,0,0] <= [0,1,2,1,2,1,1,1,3,0,2]
[3,0,0,0,0,0,0,0,0,0,0] <= [0,1,2,3,0,2,2,0,2,1,2]
[3,0,0,0,0,0,0,0,0,0,0] <= [0,2,2,1,2,1,1,1,3,0,1]
[3,0,0,0,0,0,0,0,0,0,0] <= [0,2,2,1,3,0,1,3,2,0,0]
[3,0,0,0,0,0,0,0,0,0,0] <= [0,2,2,1,3,0,2,3,1,0,0]
[3,0,0,0,0,0,0,0,0,0,0] <= [0,2,2,1,3,1,1,2,2,0,0]
[3,0,0,0,0,0,0,0,0,0,0] <= [0,2,4,0,4,1,1,2,3,0,0]
[3,0,0,0,0,0,0,0,0,0,0] <= [1,2,3,0,3,1,1,2,2,0,0]
[3,0,0,0,0,0,0,0,0,0,1] <= [0,0,1,3,2,0,1,1,2,2,3]
[3,0,0,0,0,0,0,0,0,0,1] <= [0,0,1,3,2,0,2,1,1,2,3]
[3,0,0,0,0,0,0,0,0,0,1] <= [0,1,1,4,0,1,2,0,2,2,3]
[3,0,0,0,0,0,0,0,0,0,1] <= [0,3,4,0,5,1,1,3,2,0,0]
[3,0,0,0,0,0,0,0,0,1,0] <= [0,0,1,4,2,0,1,1,2,3,2]
[3,0,0,0,0,0,0,0,0,1,0] <= [0,0,1,4,2,0,2,1,1,3,2]
[3,0,0,0,0,0,0,0,0,1,0] <= [0,0,2,4,1,0,2,1,2,2,2]
[3,0,0,0,0,0,0,0,0,1,0] <= [0,1,1,4,1,0,1,1,3,2,2]
[3,0,0,0,0,0,0,0,0,1,0] <= [0,2,2,1,3,1,1,3,2,0,0]
[3,0,0,0,0,0,0,0,0,1,1] <= [0,3,4,0,5,1,1,4,2,0,0]
[3,0,0,0,0,0,0,0,0,2,0] <= [0,0,1,4,2,1,1,1,2,3,2]
[3,0,0,1,0,0,0,0,0,0,0] <= [0,0,1,3,1,1,1,0,3,2,3]
[3,0,0,1,0,0,0,0,0,0,0] <= [0,0,1,3,1,1,2,0,2,2,3]
[3,0,0,1,0,0,0,0,0,0,0] <= [0,3,4,0,4,1,1,3,3,0,0]
[3,0,0,1,0,0,0,0,0,0,0] <= [0,3,4,0,4,1,2,3,2,0,0]
[3,0,0,1,0,0,0,0,0,0,1] <= [0,4,3,2,3,0,3,3,2,0,0]
[3,0,0,1,0,0,0,0,0,0,1] <= [0,4,3,5,3,0,3,0,2,3,0]
[3,0,0,1,0,0,0,0,0,0,2] <= [0,1,1,5,1,0,3,0,2,3,4]
[3,0,0,1,0,0,0,0,0,0,3] <= [0,2,0,8,1,0,2,0,3,4,6]
[3,0,0,1,0,0,0,0,0,0,3] <= [0,2,1,7,2,0,2,0,3,3,6]
[3,0,0,1,0,0,0,0,0,0,3] <= [0,4,0,8,1,1,1,0,4,3,6]
[3,0,0,1,0,0,0,0,0,1,0] <= [0,0,1,3,1,2,1,0,3,2,3]
[3,0,0,1,0,0,0,0,0,1,0] <= [0,3,4,0,4,2,1,3,3,0,0]
[3,0,0,1,0,0,0,0,0,1,0] <= [0,3,4,2,3,0,2,3,3,0,0]
[3,0,0,1,0,0,0,0,0,1,2] <= [0,1,1,5,1,0,2,0,3,3,4]
[3,0,0,1,0,0,0,0,0,2,1] <= [0,1,1,5,1,0,2,1,3,4,3]
[3,0,0,1,0,0,0,0,0,2,1] <= [0,1,1,5,1,0,3,1,2,4,3]
[3,0,0,1,0,0,0,0,0,2,1] <= [0,1,1,6,1,0,2,0,3,4,3]
[4,0,0,0,0,0,0,0,0,0,0] <= [0,0,1,3,2,1,1,1,3,2,3]
[4,0,0,0,0,0,0,0,0,0,0] <= [0,0,1,3,2,1,2,1,2,2,3]
[4,0,0,0,0,0,0,0,0,0,0] <= [0,0,1,3,2,2,1,0,3,2,3]
[4,0,0,0,0,0,0,0,0,0,0] <= [0,1,1,4,0,2,2,0,3,2,3]
[4,0,0,0,0,0,0,0,0,0,0] <= [0,3,4,0,5,1,1,4,3,0,0]
[4,0,0,0,0,0,0,0,0,0,0] <= [0,3,4,0,5,1,2,4,2,0,0]
[4,0,0,0,0,0,0,0,0,0,0] <= [0,3,4,0,5,2,1,3,3,0,0]
[4,0,0,0,0,0,0,0,0,0,2] <= [0,1,1,5,2,0,2,0,3,3,4]
[4,0,0,0,0,0,0,0,0,0,2] <= [0,1,1,5,3,0,2,1,2,3,3]
[4,0,0,0,0,0,0,0,0,0,3] <= [0,1,1,6,3,0,2,0,2,4,4]
[4,0,0,0,0,0,0,0,0,0,4] <= [0,2,0,9,2,0,2,0,3,5,7]
[4,0,0,0,0,0,0,0,0,1,0] <= [0,0,1,3,2,2,1,1,3,2,3]
[4,0,0,0,0,0,0,0,0,1,0] <= [0,3,4,0,5,2,1,4,3,0,0]
[4,0,0,0,0,0,0,0,0,1,0] <= [0,3,4,2,4,0,2,4,3,0,0]
[4,0,0,0,0,0,0,0,0,1,2] <= [0,1,1,5,2,0,2,1,3,3,4]
[4,0,0,0,0,0,0,0,0,2,0] <= [0,1,1,5,1,0,3,1,3,5,3]
[4,0,0,0,0,0,0,0,0,2,1] <= [0,1,1,5,2,0,2,2,3,4,3]
[4,0,0,0,0,0,0,0,0,2,1] <= [0,1,1,5,2,0,3,2,2,4,3]
[4,0,0,0,0,0,0,0,0,2,1] <= [0,1,1,6,2,0,2,1,3,4,3]
[4,0,0,0,0,0,0,0,0,2,2] <= [0,1,1,5,3,0,2,3,2,3,3]
[4,0,0,1,0,0,0,0,0,0,0] <= [0,1,2,6,0,0,4,0,3,3,3]
[4,0,0,1,0,0,0,0,0,0,0] <= [0,2,1,6,0,0,3,0,4,3,3]
[4,0,0,1,0,0,0,0,0,0,1] <= [0,1,1,5,1,0,2,0,4,3,4]
[4,0,0,1,0,0,0,0,0,0,1] <= [0,1,1,5,1,0,3,0,3,3,4]
[4,0,0,1,0,0,0,0,0,0,3] <= [0,3,0,9,1,1,2,0,4,4,7]
[4,0,0,1,0,0,0,0,0,1,0] <= [0,1,1,5,1,0,2,1,4,4,3]
[4,0,0,1,0,0,0,0,0,1,0] <= [0,1,1,5,1,0,4,1,2,4,3]
[4,0,0,1,0,0,0,0,0,1,0] <= [0,1,1,6,1,0,2,0,4,4,3]
[4,0,0,1,0,0,0,0,0,1,0] <= [0,1,1,6,1,0,3,0,3,4,3]
[4,0,0,1,0,0,0,0,0,2,0] <= [0,1,1,5,1,1,2,1,4,4,3]
[4,0,0,1,0,0,0,0,0,2,0] <= [0,1,1,5,1,1,3,1,3,4,3]
[4,0,0,1,0,0,0,0,0,2,0] <= [0,1,1,6,1,1,2,0,4,4,3]
[4,0,0,2,0,0,0,0,0,0,0] <= [0,1,1,5,1,0,2,1,4,3,3]
[4,0,0,2,0,0,0,0,0,0,0] <= [0,1,1,5,1,0,4,1,2,3,3]
[4,0,0,2,0,0,0,0,0,0,0] <= [0,1,1,6,1,0,2,0,4,4,3]
[4,0,0,2,0,0,0,0,0,0,0] <= [0,1,1,6,1,0,4,0,2,4,3]
[4,0,0,2,0,0,0,0,0,0,1] <= [0,1,1,6,1,0,2,0,4,4,4]
[4,0,0,2,0,0,0,0,0,0,1] <= [0,1,1,6,1,0,4,0,2,4,4]
[4,0,0,2,0,0,0,0,0,1,4] <= [0,2,1,10,2,0,3,0,4,5,8]
[4,0,0,2,0,0,0,0,0,2,0] <= [0,1,1,5,1,2,2,1,4,3,3]
[4,0,0,2,0,0,0,0,0,2,0] <= [0,1,1,6,1,2,2,0,4,4,3]
[5,0,0,0,0,0,0,0,0,0,1] <= [0,1,1,5,2,0,2,1,4,3,4]
[5,0,0,0,0,0,0,0,0,0,1] <= [0,1,1,5,2,0,3,1,3,3,4]
[5,0,0,0,0,0,0,0,0,0,4] <= [0,3,0,10,2,1,2,0,4,5,8]
[5,0,0,0,0,0,0,0,0,1,0] <= [0,1,1,5,2,0,2,2,4,4,3]
[5,0,0,0,0,0,0,0,0,1,0] <= [0,1,1,5,2,0,4,2,2,4,3]
[5,0,0,0,0,0,0,0,0,1,0] <= [0,1,1,6,2,0,2,1,4,4,3]
[5,0,0,0,0,0,0,0,0,1,0] <= [0,1,1,6,2,0,3,1,3,4,3]
[5,0,0,0,0,0,0,0,0,2,0] <= [0,1,1,5,2,1,2,2,4,4,3]
[5,0,0,0,0,0,0,0,0,2,0] <= [0,1,1,5,2,1,3,2,3,4,3]
[5,0,0,0,0,0,0,0,0,2,0] <= [0,1,1,6,2,1,2,1,4,4,3]
[5,0,0,1,0,0,0,0,0,0,0] <= [0,1,1,5,1,1,2,0,5,3,4]
[5,0,0,1,0,0,0,0,0,0,0] <= [0,1,1,5,1,1,3,0,4,3,4]
[5,0,0,1,0,0,0,0,0,0,2] <= [0,2,1,7,1,0,4,0,4,4,5]
[5,0,0,1,0,0,0,0,0,0,3] <= [0,3,0,10,1,1,3,0,4,5,7]
[5,0,0,1,0,0,0,0,0,0,4] <= [0,2,1,10,3,0,3,0,4,5,8]
[5,0,0,1,0,0,0,0,0,1,0] <= [0,1,1,5,1,2,2,0,5,3,4]
[5,0,0,1,0,0,0,0,0,2,0] <= [0,1,2,7,1,0,3,1,5,5,4]
[5,0,0,1,0,0,0,0,0,2,0] <= [0,1,2,7,1,0,4,1,4,5,4]
[5,0,0,1,0,0,0,0,0,2,0] <= [0,1,2,8,1,0,3,0,5,5,4]
[5,0,0,2,0,0,0,0,0,0,0] <= [0,1,1,6,1,1,2,0,5,4,4]
[5,0,0,2,0,0,0,0,0,0,0] <= [0,1,1,6,1,1,4,0,3,4,4]
[5,0,0,2,0,0,0,0,0,0,3] <= [0,2,1,10,2,0,3,0,5,5,8]
[5,0,0,2,0,0,0,0,0,0,3] <= [0,2,1,10,2,0,4,0,4,5,8]
[5,0,0,2,0,0,0,0,0,1,4] <= [0,2,1,11,2,0,4,0,4,6,8]
[5,0,0,2,0,0,0,0,0,2,0] <= [0,1,1,6,1,3,2,0,5,4,4]
[6,0,0,0,0,0,0,0,0,0,0] <= [0,1,1,5,2,1,2,1,5,3,4]
[6,0,0,0,0,0,0,0,0,0,0] <= [0,1,1,5,2,1,3,1,4,3,4]
[6,0,0,0,0,0,0,0,0,0,0] <= [0,1,1,5,2,2,2,0,5,3,4]
[6,0,0,0,0,0,0,0,0,0,0] <= [0,1,1,5,3,0,2,3,4,3,3]
[6,0,0,0,0,0,0,0,0,0,0] <= [0,1,1,5,3,0,4,3,2,3,3]
[6,0,0,0,0,0,0,0,0,0,0] <= [0,1,1,5,3,2,2,1,4,3,3]
[6,0,0,0,0,0,0,0,0,0,4] <= [0,3,0,11,2,1,3,0,4,6,8]
[6,0,0,0,0,0,0,0,0,0,5] <= [0,2,1,11,4,0,3,0,4,6,9]
[6,0,0,0,0,0,0,0,0,1,0] <= [0,1,1,5,2,2,2,1,5,3,4]
[6,0,0,0,0,0,0,0,0,2,0] <= [0,1,1,5,3,2,2,3,4,3,3]
[6,0,0,0,0,0,0,0,0,2,0] <= [0,1,2,7,2,0,3,2,5,5,4]
[6,0,0,0,0,0,0,0,0,2,0] <= [0,1,2,7,2,0,4,2,4,5,4]
[6,0,0,0,0,0,0,0,0,2,0] <= [0,1,2,8,2,0,3,1,5,5,4]
[6,0,0,1,0,0,0,0,0,0,4] <= [0,2,1,11,3,0,4,0,4,6,8]
[6,0,0,2,0,0,0,0,0,0,2] <= [0,3,1,10,1,0,6,0,4,6,5]
[6,0,0,2,0,0,0,0,0,0,2] <= [0,3,1,9,1,0,6,1,4,5,5]
[6,0,0,2,0,0,0,0,0,0,3] <= [0,2,1,11,2,0,4,0,5,6,8]
[6,0,0,2,0,0,0,0,0,0,3] <= [0,2,1,11,2,0,5,0,4,6,8]
[6,0,0,2,0,0,0,0,0,0,3] <= [0,3,1,10,1,0,6,0,4,6,6]
[6,0,0,2,0,0,0,0,0,0,4] <= [0,3,1,12,2,0,5,0,5,6,9]
[6,0,0,2,0,0,0,0,0,2,0] <= [0,1,3,9,1,0,4,1,6,5,5]
[7,0,0,0,0,0,0,0,0,0,0] <= [0,1,1,6,3,3,2,0,5,4,4]
[7,0,0,0,0,0,0,0,0,0,5] <= [0,2,1,12,4,0,4,0,4,7,9]
[7,0,0,2,0,0,0,0,0,0,4] <= [0,3,1,13,2,0,6,0,5,7,9]
[7,0,0,3,0,0,0,0,0,2,6] <= [0,2,2,15,3,0,6,0,5,9,11]
[8,0,0,0,0,0,0,0,0,2,0] <= [0,1,3,9,3,0,4,3,6,5,5]
[8,0,0,2,0,0,0,0,0,1,5] <= [0,2,2,14,3,0,6,0,6,8,11]
[9,0,0,1,0,0,0,0,0,0,5] <= [0,2,2,14,3,0,6,0,7,8,12]
[9,0,0,1,0,0,0,0,0,0,5] <= [0,2,2,14,4,0,6,0,6,8,11]
[9,0,0,1,0,0,0,0,0,0,6] <= [0,2,2,15,5,0,6,0,5,9,11]
[9,0,0,2,0,0,0,0,0,0,4] <= [0,2,2,14,3,0,6,0,7,8,11]
[9,0,0,2,0,0,0,0,0,0,4] <= [0,2,2,14,3,0,7,0,6,8,11]
[9,0,0,3,0,0,0,0,0,0,4] <= [0,2,2,15,3,0,6,0,7,9,11]
[9,0,0,3,0,0,0,0,0,0,4] <= [0,2,2,15,3,0,8,0,5,9,11]
